SS,SE,ES,EE,S,E,AGR,NAGR,SM,Time,Search,Explore,Obey,Ignore
16,0,0,0,16,0,16,0,16,0.00599925009373828,1,0,1,0
24,0,0,0,24,0,24,0,24,0.00899887514060742,1,0,1,0
32,0,0,0,32,0,32,0,32,0.0119985001874766,1,0,1,0
40,0,0,0,40,0,40,0,40,0.0149981252343457,1,0,1,0
48,0,0,0,48,0,48,0,48,0.0179977502812149,1,0,1,0
56,0,0,0,56,0,56,0,56,0.020997375328084,1,0,1,0
64,0,0,0,64,0,64,0,64,0.0239970003749531,1,0,1,0
72,0,0,0,72,0,72,0,72,0.0269966254218223,1,0,1,0
80,0,0,0,80,0,80,0,80,0.0299962504686914,1,0,1,0
88,0,0,0,88,0,88,0,88,0.0329958755155606,1,0,1,0
96,0,0,0,96,0,96,0,96,0.0359955005624297,1,0,1,0
104,0,0,0,104,0,104,0,104,0.0389951256092988,1,0,1,0
112,0,0,0,112,0,112,0,112,0.041994750656168,1,0,1,0
120,0,0,0,120,0,120,0,120,0.0449943757030371,1,0,1,0
128,0,0,0,128,0,128,0,128,0.0479940007499063,1,0,1,0
136,0,0,0,136,0,136,0,136,0.0509936257967754,1,0,1,0
144,0,0,0,144,0,144,0,144,0.0539932508436445,1,0,1,0
152,0,0,0,152,0,152,0,152,0.0569928758905137,1,0,1,0
160,0,0,0,160,0,160,0,160,0.0599925009373828,1,0,1,0
168,0,0,0,168,0,168,0,168,0.062992125984252,1,0,1,0
176,0,0,0,176,0,176,0,176,0.0659917510311211,1,0,1,0
183,1,0,0,184,0,183,1,184,0.0689913760779902,1,0,0.994565217391304,0.00543478260869565
183,3,0,6,186,6,189,3,192,0.0719910011248594,0.96875,0.03125,0.984375,0.015625
183,5,0,12,188,12,195,5,200,0.0749906261717285,0.94,0.06,0.975,0.025
183,7,0,18,190,18,201,7,208,0.0779902512185977,0.913461538461538,0.0865384615384615,0.966346153846154,0.0336538461538462
183,9,0,24,192,24,207,9,216,0.0809898762654668,0.888888888888889,0.111111111111111,0.958333333333333,0.0416666666666667
183,11,0,30,194,30,213,11,224,0.083989501312336,0.866071428571429,0.133928571428571,0.950892857142857,0.0491071428571429
183,13,0,36,196,36,219,13,232,0.0869891263592051,0.844827586206897,0.155172413793103,0.943965517241379,0.0560344827586207
183,15,0,42,198,42,225,15,240,0.0899887514060742,0.825,0.175,0.9375,0.0625
183,17,0,48,200,48,231,17,248,0.0929883764529434,0.806451612903226,0.193548387096774,0.931451612903226,0.0685483870967742
183,19,0,54,202,54,237,19,256,0.0959880014998125,0.7890625,0.2109375,0.92578125,0.07421875
183,20,0,61,203,61,244,20,264,0.0989876265466817,0.768939393939394,0.231060606060606,0.924242424242424,0.0757575757575758
183,23,0,66,206,66,249,23,272,0.101987251593551,0.757352941176471,0.242647058823529,0.915441176470588,0.0845588235294118
183,31,0,66,214,66,249,31,280,0.10498687664042,0.764285714285714,0.235714285714286,0.889285714285714,0.110714285714286
183,39,0,66,222,66,249,39,288,0.107986501687289,0.770833333333333,0.229166666666667,0.864583333333333,0.135416666666667
183,47,0,66,230,66,249,47,296,0.110986126734158,0.777027027027027,0.222972972972973,0.841216216216216,0.158783783783784
183,55,0,66,238,66,249,55,304,0.113985751781027,0.782894736842105,0.217105263157895,0.819078947368421,0.180921052631579
183,63,0,66,246,66,249,63,312,0.116985376827897,0.788461538461538,0.211538461538462,0.798076923076923,0.201923076923077
183,71,0,66,254,66,249,71,320,0.119985001874766,0.79375,0.20625,0.778125,0.221875
183,79,0,66,262,66,249,79,328,0.122984626921635,0.798780487804878,0.201219512195122,0.759146341463415,0.240853658536585
183,87,0,66,270,66,249,87,336,0.125984251968504,0.803571428571429,0.196428571428571,0.741071428571429,0.258928571428571
183,95,0,66,278,66,249,95,344,0.128983877015373,0.808139534883721,0.191860465116279,0.723837209302326,0.276162790697674
183,103,0,66,286,66,249,103,352,0.131983502062242,0.8125,0.1875,0.707386363636364,0.292613636363636
183,111,0,66,294,66,249,111,360,0.134983127109111,0.816666666666667,0.183333333333333,0.691666666666667,0.308333333333333
183,119,0,66,302,66,249,119,368,0.13798275215598,0.820652173913043,0.179347826086957,0.676630434782609,0.323369565217391
183,127,0,66,310,66,249,127,376,0.14098237720285,0.824468085106383,0.175531914893617,0.662234042553192,0.337765957446808
183,135,0,66,318,66,249,135,384,0.143982002249719,0.828125,0.171875,0.6484375,0.3515625
183,143,0,66,326,66,249,143,392,0.146981627296588,0.831632653061224,0.168367346938776,0.635204081632653,0.364795918367347
183,151,0,66,334,66,249,151,400,0.149981252343457,0.835,0.165,0.6225,0.3775
183,159,0,66,342,66,249,159,408,0.152980877390326,0.838235294117647,0.161764705882353,0.610294117647059,0.389705882352941
183,167,0,66,350,66,249,167,416,0.155980502437195,0.841346153846154,0.158653846153846,0.598557692307692,0.401442307692308
183,175,0,66,358,66,249,175,424,0.158980127484064,0.844339622641509,0.155660377358491,0.587264150943396,0.412735849056604
183,183,0,66,366,66,249,183,432,0.161979752530934,0.847222222222222,0.152777777777778,0.576388888888889,0.423611111111111
183,191,0,66,374,66,249,191,440,0.164979377577803,0.85,0.15,0.565909090909091,0.434090909090909
183,199,0,66,382,66,249,199,448,0.167979002624672,0.852678571428571,0.147321428571429,0.555803571428571,0.444196428571429
183,207,0,66,390,66,249,207,456,0.170978627671541,0.855263157894737,0.144736842105263,0.546052631578947,0.453947368421053
183,215,0,66,398,66,249,215,464,0.17397825271841,0.857758620689655,0.142241379310345,0.536637931034483,0.463362068965517
183,223,0,66,406,66,249,223,472,0.176977877765279,0.860169491525424,0.139830508474576,0.527542372881356,0.472457627118644
183,231,0,66,414,66,249,231,480,0.179977502812148,0.8625,0.1375,0.51875,0.48125
183,239,0,66,422,66,249,239,488,0.182977127859018,0.864754098360656,0.135245901639344,0.510245901639344,0.489754098360656
183,247,0,66,430,66,249,247,496,0.185976752905887,0.866935483870968,0.133064516129032,0.502016129032258,0.497983870967742
183,255,0,66,438,66,249,255,504,0.188976377952756,0.869047619047619,0.130952380952381,0.494047619047619,0.505952380952381
183,263,0,66,446,66,249,263,512,0.191976002999625,0.87109375,0.12890625,0.486328125,0.513671875
183,271,0,66,454,66,249,271,520,0.194975628046494,0.873076923076923,0.126923076923077,0.478846153846154,0.521153846153846
183,279,0,66,462,66,249,279,528,0.197975253093363,0.875,0.125,0.471590909090909,0.528409090909091
183,287,0,66,470,66,249,287,536,0.200974878140232,0.876865671641791,0.123134328358209,0.46455223880597,0.53544776119403
183,295,0,66,478,66,249,295,544,0.203974503187102,0.878676470588235,0.121323529411765,0.457720588235294,0.542279411764706
183,303,0,66,486,66,249,303,552,0.206974128233971,0.880434782608696,0.119565217391304,0.451086956521739,0.548913043478261
183,311,0,66,494,66,249,311,560,0.20997375328084,0.882142857142857,0.117857142857143,0.444642857142857,0.555357142857143
183,319,0,66,502,66,249,319,568,0.212973378327709,0.883802816901408,0.116197183098592,0.438380281690141,0.561619718309859
183,327,0,66,510,66,249,327,576,0.215973003374578,0.885416666666667,0.114583333333333,0.432291666666667,0.567708333333333
183,335,0,66,518,66,249,335,584,0.218972628421447,0.886986301369863,0.113013698630137,0.426369863013699,0.573630136986301
183,343,0,66,526,66,249,343,592,0.221972253468316,0.888513513513513,0.111486486486486,0.420608108108108,0.579391891891892
183,351,0,66,534,66,249,351,600,0.224971878515186,0.89,0.11,0.415,0.585
183,359,0,66,542,66,249,359,608,0.227971503562055,0.891447368421053,0.108552631578947,0.409539473684211,0.590460526315789
183,367,0,66,550,66,249,367,616,0.230971128608924,0.892857142857143,0.107142857142857,0.404220779220779,0.595779220779221
183,375,0,66,558,66,249,375,624,0.233970753655793,0.894230769230769,0.105769230769231,0.399038461538462,0.600961538461538
183,383,0,66,566,66,249,383,632,0.236970378702662,0.895569620253165,0.104430379746835,0.393987341772152,0.606012658227848
183,391,0,66,574,66,249,391,640,0.239970003749531,0.896875,0.103125,0.3890625,0.6109375
183,399,0,66,582,66,249,399,648,0.2429696287964,0.898148148148148,0.101851851851852,0.384259259259259,0.615740740740741
183,407,0,66,590,66,249,407,656,0.24596925384327,0.899390243902439,0.100609756097561,0.379573170731707,0.620426829268293
183,415,0,66,598,66,249,415,664,0.248968878890139,0.900602409638554,0.0993975903614458,0.375,0.625
183,423,0,66,606,66,249,423,672,0.251968503937008,0.901785714285714,0.0982142857142857,0.370535714285714,0.629464285714286
183,431,0,66,614,66,249,431,680,0.254968128983877,0.902941176470588,0.0970588235294118,0.366176470588235,0.633823529411765
183,439,0,66,622,66,249,439,688,0.257967754030746,0.904069767441861,0.0959302325581395,0.361918604651163,0.638081395348837
183,447,0,66,630,66,249,447,696,0.260967379077615,0.905172413793103,0.0948275862068965,0.357758620689655,0.642241379310345
183,455,0,66,638,66,249,455,704,0.263967004124484,0.90625,0.09375,0.353693181818182,0.646306818181818
183,463,0,66,646,66,249,463,712,0.266966629171354,0.907303370786517,0.0926966292134832,0.349719101123596,0.650280898876405
183,471,0,66,654,66,249,471,720,0.269966254218223,0.908333333333333,0.0916666666666667,0.345833333333333,0.654166666666667
183,479,0,66,662,66,249,479,728,0.272965879265092,0.909340659340659,0.0906593406593407,0.342032967032967,0.657967032967033
183,487,0,66,670,66,249,487,736,0.275965504311961,0.910326086956522,0.0896739130434783,0.338315217391304,0.661684782608696
183,495,0,66,678,66,249,495,744,0.27896512935883,0.911290322580645,0.0887096774193548,0.334677419354839,0.665322580645161
183,503,0,66,686,66,249,503,752,0.281964754405699,0.912234042553192,0.0877659574468085,0.331117021276596,0.668882978723404
183,511,0,66,694,66,249,511,760,0.284964379452568,0.913157894736842,0.0868421052631579,0.327631578947368,0.672368421052632
183,519,0,66,702,66,249,519,768,0.287964004499438,0.9140625,0.0859375,0.32421875,0.67578125
183,527,0,66,710,66,249,527,776,0.290963629546307,0.914948453608247,0.0850515463917526,0.320876288659794,0.679123711340206
183,535,0,66,718,66,249,535,784,0.293963254593176,0.915816326530612,0.0841836734693878,0.317602040816327,0.682397959183674
183,543,0,66,726,66,249,543,792,0.296962879640045,0.916666666666667,0.0833333333333333,0.314393939393939,0.685606060606061
183,551,0,66,734,66,249,551,800,0.299962504686914,0.9175,0.0825,0.31125,0.68875
183,559,0,66,742,66,249,559,808,0.302962129733783,0.918316831683168,0.0816831683168317,0.308168316831683,0.691831683168317
183,567,0,66,750,66,249,567,816,0.305961754780652,0.919117647058823,0.0808823529411765,0.305147058823529,0.694852941176471
183,575,0,66,758,66,249,575,824,0.308961379827522,0.919902912621359,0.0800970873786408,0.302184466019417,0.697815533980582
183,583,0,66,766,66,249,583,832,0.311961004874391,0.920673076923077,0.0793269230769231,0.299278846153846,0.700721153846154
183,591,0,66,774,66,249,591,840,0.31496062992126,0.921428571428571,0.0785714285714286,0.296428571428571,0.703571428571429
183,599,0,66,782,66,249,599,848,0.317960254968129,0.922169811320755,0.0778301886792453,0.293632075471698,0.706367924528302
183,607,0,66,790,66,249,607,856,0.320959880014998,0.922897196261682,0.0771028037383178,0.29088785046729,0.70911214953271
183,615,0,66,798,66,249,615,864,0.323959505061867,0.923611111111111,0.0763888888888889,0.288194444444444,0.711805555555556
183,623,0,66,806,66,249,623,872,0.326959130108736,0.924311926605505,0.0756880733944954,0.285550458715596,0.714449541284404
183,631,0,66,814,66,249,631,880,0.329958755155606,0.925,0.075,0.282954545454545,0.717045454545455
183,639,0,66,822,66,249,639,888,0.332958380202475,0.925675675675676,0.0743243243243243,0.280405405405405,0.719594594594595
183,647,0,66,830,66,249,647,896,0.335958005249344,0.926339285714286,0.0736607142857143,0.277901785714286,0.722098214285714
183,655,0,66,838,66,249,655,904,0.338957630296213,0.926991150442478,0.0730088495575221,0.275442477876106,0.724557522123894
183,663,0,66,846,66,249,663,912,0.341957255343082,0.927631578947368,0.0723684210526316,0.273026315789474,0.726973684210526
183,671,0,66,854,66,249,671,920,0.344956880389951,0.928260869565217,0.0717391304347826,0.270652173913043,0.729347826086956
183,679,0,66,862,66,249,679,928,0.34795650543682,0.928879310344828,0.0711206896551724,0.268318965517241,0.731681034482759
183,687,0,66,870,66,249,687,936,0.35095613048369,0.92948717948718,0.0705128205128205,0.266025641025641,0.733974358974359
183,695,0,66,878,66,249,695,944,0.353955755530559,0.930084745762712,0.0699152542372881,0.263771186440678,0.736228813559322
183,703,0,66,886,66,249,703,952,0.356955380577428,0.930672268907563,0.069327731092437,0.26155462184874,0.738445378151261
183,711,0,66,894,66,249,711,960,0.359955005624297,0.93125,0.06875,0.259375,0.740625
183,719,0,66,902,66,249,719,968,0.362954630671166,0.931818181818182,0.0681818181818182,0.257231404958678,0.742768595041322
183,727,0,66,910,66,249,727,976,0.365954255718035,0.932377049180328,0.0676229508196721,0.255122950819672,0.744877049180328
183,735,0,66,918,66,249,735,984,0.368953880764904,0.932926829268293,0.0670731707317073,0.253048780487805,0.746951219512195
183,743,0,66,926,66,249,743,992,0.371953505811774,0.933467741935484,0.0665322580645161,0.251008064516129,0.748991935483871
183,751,0,66,934,66,249,751,1000,0.374953130858643,0.934,0.066,0.249,0.751
183,759,0,66,942,66,249,759,1008,0.377952755905512,0.93452380952381,0.0654761904761905,0.24702380952381,0.75297619047619
183,767,0,66,950,66,249,767,1016,0.380952380952381,0.93503937007874,0.0649606299212598,0.24507874015748,0.75492125984252
183,775,0,66,958,66,249,775,1024,0.38395200599925,0.935546875,0.064453125,0.2431640625,0.7568359375
183,783,0,66,966,66,249,783,1032,0.386951631046119,0.936046511627907,0.063953488372093,0.241279069767442,0.758720930232558
183,791,0,66,974,66,249,791,1040,0.389951256092988,0.936538461538462,0.0634615384615385,0.239423076923077,0.760576923076923
183,799,0,66,982,66,249,799,1048,0.392950881139858,0.937022900763359,0.0629770992366412,0.237595419847328,0.762404580152672
183,807,0,66,990,66,249,807,1056,0.395950506186727,0.9375,0.0625,0.235795454545455,0.764204545454545
183,815,0,66,998,66,249,815,1064,0.398950131233596,0.93796992481203,0.0620300751879699,0.234022556390977,0.765977443609023
183,823,0,66,1006,66,249,823,1072,0.401949756280465,0.938432835820896,0.0615671641791045,0.232276119402985,0.767723880597015
183,831,0,66,1014,66,249,831,1080,0.404949381327334,0.938888888888889,0.0611111111111111,0.230555555555556,0.769444444444444
183,839,0,66,1022,66,249,839,1088,0.407949006374203,0.939338235294118,0.0606617647058824,0.228860294117647,0.771139705882353
183,847,0,66,1030,66,249,847,1096,0.410948631421072,0.93978102189781,0.0602189781021898,0.227189781021898,0.772810218978102
183,855,0,66,1038,66,249,855,1104,0.413948256467942,0.940217391304348,0.0597826086956522,0.22554347826087,0.77445652173913
183,863,0,66,1046,66,249,863,1112,0.416947881514811,0.940647482014389,0.0593525179856115,0.223920863309353,0.776079136690647
183,871,0,66,1054,66,249,871,1120,0.41994750656168,0.941071428571429,0.0589285714285714,0.222321428571429,0.777678571428571
183,879,0,66,1062,66,249,879,1128,0.422947131608549,0.941489361702128,0.0585106382978723,0.220744680851064,0.779255319148936
183,887,0,66,1070,66,249,887,1136,0.425946756655418,0.941901408450704,0.0580985915492958,0.21919014084507,0.78080985915493
183,895,0,66,1078,66,249,895,1144,0.428946381702287,0.942307692307692,0.0576923076923077,0.217657342657343,0.782342657342657
183,903,0,66,1086,66,249,903,1152,0.431946006749156,0.942708333333333,0.0572916666666667,0.216145833333333,0.783854166666667
183,911,0,66,1094,66,249,911,1160,0.434945631796026,0.943103448275862,0.0568965517241379,0.214655172413793,0.785344827586207
183,919,0,66,1102,66,249,919,1168,0.437945256842895,0.943493150684932,0.0565068493150685,0.213184931506849,0.786815068493151
183,927,0,66,1110,66,249,927,1176,0.440944881889764,0.943877551020408,0.0561224489795918,0.211734693877551,0.788265306122449
183,935,0,66,1118,66,249,935,1184,0.443944506936633,0.944256756756757,0.0557432432432432,0.210304054054054,0.789695945945946
183,943,0,66,1126,66,249,943,1192,0.446944131983502,0.944630872483222,0.0553691275167785,0.208892617449664,0.791107382550336
183,951,0,66,1134,66,249,951,1200,0.449943757030371,0.945,0.055,0.2075,0.7925
183,959,0,66,1142,66,249,959,1208,0.45294338207724,0.945364238410596,0.054635761589404,0.20612582781457,0.79387417218543
183,967,0,66,1150,66,249,967,1216,0.45594300712411,0.945723684210526,0.0542763157894737,0.204769736842105,0.795230263157895
183,975,0,66,1158,66,249,975,1224,0.458942632170979,0.946078431372549,0.053921568627451,0.20343137254902,0.79656862745098
183,983,0,66,1166,66,249,983,1232,0.461942257217848,0.946428571428571,0.0535714285714286,0.20211038961039,0.79788961038961
183,991,0,66,1174,66,249,991,1240,0.464941882264717,0.946774193548387,0.0532258064516129,0.200806451612903,0.799193548387097
183,999,0,66,1182,66,249,999,1248,0.467941507311586,0.947115384615385,0.0528846153846154,0.199519230769231,0.800480769230769
183,1007,0,66,1190,66,249,1007,1256,0.470941132358455,0.947452229299363,0.0525477707006369,0.198248407643312,0.801751592356688
183,1015,0,66,1198,66,249,1015,1264,0.473940757405324,0.947784810126582,0.0522151898734177,0.196993670886076,0.803006329113924
183,1023,0,66,1206,66,249,1023,1272,0.476940382452194,0.94811320754717,0.0518867924528302,0.195754716981132,0.804245283018868
183,1031,0,66,1214,66,249,1031,1280,0.479940007499063,0.9484375,0.0515625,0.19453125,0.80546875
183,1039,0,66,1222,66,249,1039,1288,0.482939632545932,0.948757763975155,0.0512422360248447,0.19332298136646,0.80667701863354
183,1047,0,66,1230,66,249,1047,1296,0.485939257592801,0.949074074074074,0.0509259259259259,0.19212962962963,0.80787037037037
183,1055,0,66,1238,66,249,1055,1304,0.48893888263967,0.949386503067485,0.0506134969325153,0.190950920245399,0.809049079754601
183,1063,0,66,1246,66,249,1063,1312,0.491938507686539,0.94969512195122,0.0503048780487805,0.189786585365854,0.810213414634146
183,1071,0,66,1254,66,249,1071,1320,0.494938132733408,0.95,0.05,0.188636363636364,0.811363636363636
183,1079,0,66,1262,66,249,1079,1328,0.497937757780277,0.950301204819277,0.0496987951807229,0.1875,0.8125
183,1087,0,66,1270,66,249,1087,1336,0.500937382827147,0.95059880239521,0.0494011976047904,0.186377245508982,0.813622754491018
183,1095,0,66,1278,66,249,1095,1344,0.503937007874016,0.950892857142857,0.0491071428571429,0.185267857142857,0.814732142857143
183,1103,0,66,1286,66,249,1103,1352,0.506936632920885,0.951183431952663,0.0488165680473373,0.184171597633136,0.815828402366864
183,1111,0,66,1294,66,249,1111,1360,0.509936257967754,0.951470588235294,0.0485294117647059,0.183088235294118,0.816911764705882
183,1119,0,66,1302,66,249,1119,1368,0.512935883014623,0.951754385964912,0.0482456140350877,0.182017543859649,0.817982456140351
183,1127,0,66,1310,66,249,1127,1376,0.515935508061492,0.95203488372093,0.0479651162790698,0.180959302325581,0.819040697674419
183,1135,0,66,1318,66,249,1135,1384,0.518935133108361,0.952312138728324,0.0476878612716763,0.179913294797688,0.820086705202312
183,1143,0,66,1326,66,249,1143,1392,0.521934758155231,0.952586206896552,0.0474137931034483,0.178879310344828,0.821120689655172
183,1151,0,66,1334,66,249,1151,1400,0.5249343832021,0.952857142857143,0.0471428571428571,0.177857142857143,0.822142857142857
183,1159,0,66,1342,66,249,1159,1408,0.527934008248969,0.953125,0.046875,0.176846590909091,0.823153409090909
183,1167,0,66,1350,66,249,1167,1416,0.530933633295838,0.953389830508475,0.0466101694915254,0.175847457627119,0.824152542372881
183,1175,0,66,1358,66,249,1175,1424,0.533933258342707,0.953651685393258,0.0463483146067416,0.174859550561798,0.825140449438202
183,1183,0,66,1366,66,249,1183,1432,0.536932883389576,0.95391061452514,0.0460893854748603,0.173882681564246,0.826117318435754
183,1191,0,66,1374,66,249,1191,1440,0.539932508436445,0.954166666666667,0.0458333333333333,0.172916666666667,0.827083333333333
183,1199,0,66,1382,66,249,1199,1448,0.542932133483315,0.954419889502762,0.0455801104972376,0.171961325966851,0.828038674033149
183,1207,0,66,1390,66,249,1207,1456,0.545931758530184,0.95467032967033,0.0453296703296703,0.171016483516484,0.828983516483517
183,1215,0,66,1398,66,249,1215,1464,0.548931383577053,0.954918032786885,0.0450819672131148,0.170081967213115,0.829918032786885
183,1223,0,66,1406,66,249,1223,1472,0.551931008623922,0.955163043478261,0.0448369565217391,0.169157608695652,0.830842391304348
183,1231,0,66,1414,66,249,1231,1480,0.554930633670791,0.955405405405405,0.0445945945945946,0.168243243243243,0.831756756756757
183,1239,0,66,1422,66,249,1239,1488,0.55793025871766,0.955645161290323,0.0443548387096774,0.167338709677419,0.832661290322581
183,1247,0,66,1430,66,249,1247,1496,0.560929883764529,0.955882352941177,0.0441176470588235,0.16644385026738,0.83355614973262
183,1255,0,66,1438,66,249,1255,1504,0.563929508811399,0.956117021276596,0.0438829787234043,0.165558510638298,0.834441489361702
183,1263,0,66,1446,66,249,1263,1512,0.566929133858268,0.956349206349206,0.0436507936507936,0.16468253968254,0.83531746031746
183,1271,0,66,1454,66,249,1271,1520,0.569928758905137,0.956578947368421,0.043421052631579,0.163815789473684,0.836184210526316
183,1279,0,66,1462,66,249,1279,1528,0.572928383952006,0.956806282722513,0.0431937172774869,0.162958115183246,0.837041884816754
183,1287,0,66,1470,66,249,1287,1536,0.575928008998875,0.95703125,0.04296875,0.162109375,0.837890625
183,1295,0,66,1478,66,249,1295,1544,0.578927634045744,0.957253886010363,0.0427461139896373,0.161269430051813,0.838730569948187
183,1303,0,66,1486,66,249,1303,1552,0.581927259092613,0.957474226804124,0.0425257731958763,0.160438144329897,0.839561855670103
183,1311,0,66,1494,66,249,1311,1560,0.584926884139483,0.957692307692308,0.0423076923076923,0.159615384615385,0.840384615384615
183,1319,0,66,1502,66,249,1319,1568,0.587926509186352,0.957908163265306,0.0420918367346939,0.158801020408163,0.841198979591837
183,1327,0,66,1510,66,249,1327,1576,0.590926134233221,0.958121827411167,0.0418781725888325,0.157994923857868,0.842005076142132
183,1335,0,66,1518,66,249,1335,1584,0.59392575928009,0.958333333333333,0.0416666666666667,0.15719696969697,0.84280303030303
183,1343,0,66,1526,66,249,1343,1592,0.596925384326959,0.958542713567839,0.0414572864321608,0.156407035175879,0.843592964824121
183,1351,0,66,1534,66,249,1351,1600,0.599925009373828,0.95875,0.04125,0.155625,0.844375
183,1359,0,66,1542,66,249,1359,1608,0.602924634420697,0.958955223880597,0.041044776119403,0.154850746268657,0.845149253731343
183,1367,0,66,1550,66,249,1367,1616,0.605924259467567,0.959158415841584,0.0408415841584158,0.154084158415842,0.845915841584158
183,1375,0,66,1558,66,249,1375,1624,0.608923884514436,0.95935960591133,0.04064039408867,0.153325123152709,0.846674876847291
183,1383,0,66,1566,66,249,1383,1632,0.611923509561305,0.959558823529412,0.0404411764705882,0.152573529411765,0.847426470588235
183,1391,0,66,1574,66,249,1391,1640,0.614923134608174,0.959756097560976,0.0402439024390244,0.151829268292683,0.848170731707317
183,1399,0,66,1582,66,249,1399,1648,0.617922759655043,0.95995145631068,0.0400485436893204,0.151092233009709,0.848907766990291
183,1407,0,66,1590,66,249,1407,1656,0.620922384701912,0.960144927536232,0.0398550724637681,0.15036231884058,0.84963768115942
183,1415,0,66,1598,66,249,1415,1664,0.623922009748781,0.960336538461538,0.0396634615384615,0.149639423076923,0.850360576923077
183,1423,0,66,1606,66,249,1423,1672,0.626921634795651,0.960526315789474,0.0394736842105263,0.148923444976077,0.851076555023923
183,1431,0,66,1614,66,249,1431,1680,0.62992125984252,0.960714285714286,0.0392857142857143,0.148214285714286,0.851785714285714
183,1439,0,66,1622,66,249,1439,1688,0.632920884889389,0.960900473933649,0.0390995260663507,0.147511848341232,0.852488151658768
183,1447,0,66,1630,66,249,1447,1696,0.635920509936258,0.961084905660377,0.0389150943396226,0.146816037735849,0.853183962264151
183,1455,0,66,1638,66,249,1455,1704,0.638920134983127,0.961267605633803,0.0387323943661972,0.14612676056338,0.85387323943662
183,1463,0,66,1646,66,249,1463,1712,0.641919760029996,0.961448598130841,0.0385514018691589,0.145443925233645,0.854556074766355
183,1471,0,66,1654,66,249,1471,1720,0.644919385076865,0.961627906976744,0.0383720930232558,0.144767441860465,0.855232558139535
183,1479,0,66,1662,66,249,1479,1728,0.647919010123735,0.961805555555556,0.0381944444444444,0.144097222222222,0.855902777777778
183,1487,0,66,1670,66,249,1487,1736,0.650918635170604,0.961981566820276,0.0380184331797235,0.143433179723502,0.856566820276498
183,1495,0,66,1678,66,249,1495,1744,0.653918260217473,0.962155963302752,0.0378440366972477,0.142775229357798,0.857224770642202
183,1503,0,66,1686,66,249,1503,1752,0.656917885264342,0.962328767123288,0.0376712328767123,0.142123287671233,0.857876712328767
183,1511,0,66,1694,66,249,1511,1760,0.659917510311211,0.9625,0.0375,0.141477272727273,0.858522727272727
183,1519,0,66,1702,66,249,1519,1768,0.66291713535808,0.962669683257919,0.0373303167420814,0.140837104072398,0.859162895927602
183,1527,0,66,1710,66,249,1527,1776,0.665916760404949,0.962837837837838,0.0371621621621622,0.140202702702703,0.859797297297297
183,1535,0,66,1718,66,249,1535,1784,0.668916385451819,0.963004484304933,0.0369955156950673,0.13957399103139,0.86042600896861
183,1543,0,66,1726,66,249,1543,1792,0.671916010498688,0.963169642857143,0.0368303571428571,0.138950892857143,0.861049107142857
183,1551,0,66,1734,66,249,1551,1800,0.674915635545557,0.963333333333333,0.0366666666666667,0.138333333333333,0.861666666666667
183,1559,0,66,1742,66,249,1559,1808,0.677915260592426,0.963495575221239,0.0365044247787611,0.137721238938053,0.862278761061947
183,1567,0,66,1750,66,249,1567,1816,0.680914885639295,0.963656387665198,0.0363436123348018,0.137114537444934,0.862885462555066
183,1575,0,66,1758,66,249,1575,1824,0.683914510686164,0.963815789473684,0.0361842105263158,0.136513157894737,0.863486842105263
183,1583,0,66,1766,66,249,1583,1832,0.686914135733033,0.963973799126638,0.0360262008733624,0.135917030567686,0.864082969432314
183,1591,0,66,1774,66,249,1591,1840,0.689913760779903,0.964130434782609,0.0358695652173913,0.135326086956522,0.864673913043478
183,1599,0,66,1782,66,249,1599,1848,0.692913385826772,0.964285714285714,0.0357142857142857,0.13474025974026,0.86525974025974
183,1607,0,66,1790,66,249,1607,1856,0.695913010873641,0.964439655172414,0.0355603448275862,0.134159482758621,0.865840517241379
183,1615,0,66,1798,66,249,1615,1864,0.69891263592051,0.964592274678112,0.0354077253218884,0.133583690987124,0.866416309012876
183,1623,0,66,1806,66,249,1623,1872,0.701912260967379,0.96474358974359,0.0352564102564103,0.133012820512821,0.86698717948718
183,1631,0,66,1814,66,249,1631,1880,0.704911886014248,0.964893617021277,0.0351063829787234,0.132446808510638,0.867553191489362
183,1639,0,66,1822,66,249,1639,1888,0.707911511061117,0.965042372881356,0.0349576271186441,0.131885593220339,0.868114406779661
183,1647,0,66,1830,66,249,1647,1896,0.710911136107987,0.965189873417722,0.0348101265822785,0.131329113924051,0.868670886075949
183,1655,0,66,1838,66,249,1655,1904,0.713910761154856,0.965336134453782,0.0346638655462185,0.13077731092437,0.86922268907563
183,1663,0,66,1846,66,249,1663,1912,0.716910386201725,0.965481171548117,0.0345188284518828,0.130230125523013,0.869769874476987
183,1671,0,66,1854,66,249,1671,1920,0.719910011248594,0.965625,0.034375,0.1296875,0.8703125
183,1679,0,66,1862,66,249,1679,1928,0.722909636295463,0.965767634854772,0.0342323651452282,0.129149377593361,0.870850622406639
183,1687,0,66,1870,66,249,1687,1936,0.725909261342332,0.965909090909091,0.0340909090909091,0.128615702479339,0.871384297520661
183,1695,0,66,1878,66,249,1695,1944,0.728908886389201,0.966049382716049,0.0339506172839506,0.128086419753086,0.871913580246914
183,1703,0,66,1886,66,249,1703,1952,0.731908511436071,0.966188524590164,0.0338114754098361,0.127561475409836,0.872438524590164
183,1711,0,66,1894,66,249,1711,1960,0.73490813648294,0.966326530612245,0.0336734693877551,0.127040816326531,0.872959183673469
183,1719,0,66,1902,66,249,1719,1968,0.737907761529809,0.966463414634146,0.0335365853658537,0.126524390243902,0.873475609756098
183,1727,0,66,1910,66,249,1727,1976,0.740907386576678,0.966599190283401,0.0334008097165992,0.126012145748988,0.873987854251012
183,1735,0,66,1918,66,249,1735,1984,0.743907011623547,0.966733870967742,0.0332661290322581,0.125504032258065,0.874495967741936
183,1743,0,66,1926,66,249,1743,1992,0.746906636670416,0.966867469879518,0.0331325301204819,0.125,0.875
183,1751,0,66,1934,66,249,1751,2000,0.749906261717285,0.967,0.033,0.1245,0.8755
183,1759,0,66,1942,66,249,1759,2008,0.752905886764154,0.967131474103586,0.0328685258964143,0.124003984063745,0.875996015936255
183,1767,0,66,1950,66,249,1767,2016,0.755905511811024,0.967261904761905,0.0327380952380952,0.123511904761905,0.876488095238095
183,1775,0,66,1958,66,249,1775,2024,0.758905136857893,0.967391304347826,0.0326086956521739,0.12302371541502,0.87697628458498
183,1783,0,66,1966,66,249,1783,2032,0.761904761904762,0.96751968503937,0.0324803149606299,0.12253937007874,0.87746062992126
183,1791,0,66,1974,66,249,1791,2040,0.764904386951631,0.967647058823529,0.0323529411764706,0.122058823529412,0.877941176470588
183,1799,0,66,1982,66,249,1799,2048,0.7679040119985,0.9677734375,0.0322265625,0.12158203125,0.87841796875
183,1807,0,66,1990,66,249,1807,2056,0.770903637045369,0.967898832684825,0.0321011673151751,0.121108949416342,0.878891050583658
183,1815,0,66,1998,66,249,1815,2064,0.773903262092238,0.968023255813954,0.0319767441860465,0.120639534883721,0.879360465116279
183,1823,0,66,2006,66,249,1823,2072,0.776902887139108,0.968146718146718,0.0318532818532819,0.120173745173745,0.879826254826255
183,1831,0,66,2014,66,249,1831,2080,0.779902512185977,0.968269230769231,0.0317307692307692,0.119711538461538,0.880288461538462
183,1839,0,66,2022,66,249,1839,2088,0.782902137232846,0.968390804597701,0.0316091954022989,0.119252873563218,0.880747126436782
183,1847,0,66,2030,66,249,1847,2096,0.785901762279715,0.968511450381679,0.0314885496183206,0.118797709923664,0.881202290076336
183,1855,0,66,2038,66,249,1855,2104,0.788901387326584,0.968631178707224,0.0313688212927757,0.118346007604563,0.881653992395437
183,1863,0,66,2046,66,249,1863,2112,0.791901012373453,0.96875,0.03125,0.117897727272727,0.882102272727273
183,1871,0,66,2054,66,249,1871,2120,0.794900637420322,0.968867924528302,0.0311320754716981,0.117452830188679,0.882547169811321
183,1879,0,66,2062,66,249,1879,2128,0.797900262467192,0.968984962406015,0.031015037593985,0.117011278195489,0.882988721804511
183,1887,0,66,2070,66,249,1887,2136,0.800899887514061,0.969101123595506,0.0308988764044944,0.116573033707865,0.883426966292135
183,1895,0,66,2078,66,249,1895,2144,0.80389951256093,0.969216417910448,0.0307835820895522,0.116138059701493,0.883861940298508
183,1903,0,66,2086,66,249,1903,2152,0.806899137607799,0.969330855018587,0.0306691449814126,0.115706319702602,0.884293680297398
183,1911,0,66,2094,66,249,1911,2160,0.809898762654668,0.969444444444444,0.0305555555555556,0.115277777777778,0.884722222222222
183,1919,0,66,2102,66,249,1919,2168,0.812898387701537,0.969557195571956,0.0304428044280443,0.114852398523985,0.885147601476015
183,1927,0,66,2110,66,249,1927,2176,0.815898012748406,0.969669117647059,0.0303308823529412,0.114430147058824,0.885569852941177
183,1935,0,66,2118,66,249,1935,2184,0.818897637795276,0.96978021978022,0.0302197802197802,0.114010989010989,0.885989010989011
183,1943,0,66,2126,66,249,1943,2192,0.821897262842145,0.969890510948905,0.0301094890510949,0.113594890510949,0.886405109489051
183,1951,0,66,2134,66,249,1951,2200,0.824896887889014,0.97,0.03,0.113181818181818,0.886818181818182
183,1959,0,66,2142,66,249,1959,2208,0.827896512935883,0.970108695652174,0.0298913043478261,0.112771739130435,0.887228260869565
183,1967,0,66,2150,66,249,1967,2216,0.830896137982752,0.970216606498195,0.0297833935018051,0.112364620938628,0.887635379061372
183,1975,0,66,2158,66,249,1975,2224,0.833895763029621,0.970323741007194,0.0296762589928058,0.111960431654676,0.888039568345324
183,1983,0,66,2166,66,249,1983,2232,0.83689538807649,0.970430107526882,0.0295698924731183,0.111559139784946,0.888440860215054
183,1991,0,66,2174,66,249,1991,2240,0.83989501312336,0.970535714285714,0.0294642857142857,0.111160714285714,0.888839285714286
183,1999,0,66,2182,66,249,1999,2248,0.842894638170229,0.970640569395018,0.0293594306049822,0.11076512455516,0.88923487544484
183,2007,0,66,2190,66,249,2007,2256,0.845894263217098,0.970744680851064,0.0292553191489362,0.110372340425532,0.889627659574468
183,2015,0,66,2198,66,249,2015,2264,0.848893888263967,0.970848056537102,0.0291519434628975,0.109982332155477,0.890017667844523
183,2023,0,66,2206,66,249,2023,2272,0.851893513310836,0.970950704225352,0.0290492957746479,0.109595070422535,0.890404929577465
183,2031,0,66,2214,66,249,2031,2280,0.854893138357705,0.971052631578947,0.0289473684210526,0.109210526315789,0.890789473684211
183,2039,0,66,2222,66,249,2039,2288,0.857892763404574,0.971153846153846,0.0288461538461538,0.108828671328671,0.891171328671329
183,2047,0,66,2230,66,249,2047,2296,0.860892388451444,0.971254355400697,0.0287456445993031,0.108449477351916,0.891550522648084
183,2055,0,66,2238,66,249,2055,2304,0.863892013498313,0.971354166666667,0.0286458333333333,0.108072916666667,0.891927083333333
183,2063,0,66,2246,66,249,2063,2312,0.866891638545182,0.971453287197232,0.0285467128027682,0.107698961937716,0.892301038062284
183,2071,0,66,2254,66,249,2071,2320,0.869891263592051,0.971551724137931,0.028448275862069,0.107327586206897,0.892672413793103
183,2079,0,66,2262,66,249,2079,2328,0.87289088863892,0.971649484536082,0.0283505154639175,0.106958762886598,0.893041237113402
183,2087,0,66,2270,66,249,2087,2336,0.875890513685789,0.971746575342466,0.0282534246575342,0.106592465753425,0.893407534246575
183,2095,0,66,2278,66,249,2095,2344,0.878890138732658,0.971843003412969,0.0281569965870307,0.10622866894198,0.89377133105802
183,2103,0,66,2286,66,249,2103,2352,0.881889763779528,0.971938775510204,0.0280612244897959,0.105867346938776,0.894132653061224
183,2111,0,66,2294,66,249,2111,2360,0.884889388826397,0.972033898305085,0.0279661016949153,0.105508474576271,0.894491525423729
183,2119,0,66,2302,66,249,2119,2368,0.887889013873266,0.972128378378378,0.0278716216216216,0.105152027027027,0.894847972972973
183,2127,0,66,2310,66,249,2127,2376,0.890888638920135,0.972222222222222,0.0277777777777778,0.10479797979798,0.89520202020202
183,2135,0,66,2318,66,249,2135,2384,0.893888263967004,0.972315436241611,0.0276845637583893,0.104446308724832,0.895553691275168
183,2143,0,66,2326,66,249,2143,2392,0.896887889013873,0.972408026755853,0.0275919732441472,0.104096989966555,0.895903010033445
183,2151,0,66,2334,66,249,2151,2400,0.899887514060742,0.9725,0.0275,0.10375,0.89625
183,2159,0,66,2342,66,249,2159,2408,0.902887139107612,0.972591362126246,0.0274086378737542,0.103405315614618,0.896594684385382
183,2167,0,66,2350,66,249,2167,2416,0.905886764154481,0.972682119205298,0.027317880794702,0.103062913907285,0.896937086092715
183,2175,0,66,2358,66,249,2175,2424,0.90888638920135,0.972772277227723,0.0272277227722772,0.102722772277228,0.897277227722772
183,2183,0,66,2366,66,249,2183,2432,0.911886014248219,0.972861842105263,0.0271381578947368,0.102384868421053,0.897615131578947
183,2191,0,66,2374,66,249,2191,2440,0.914885639295088,0.972950819672131,0.0270491803278689,0.102049180327869,0.897950819672131
183,2199,0,66,2382,66,249,2199,2448,0.917885264341957,0.973039215686274,0.0269607843137255,0.10171568627451,0.89828431372549
183,2207,0,66,2390,66,249,2207,2456,0.920884889388826,0.973127035830619,0.0268729641693811,0.101384364820847,0.898615635179153
183,2215,0,66,2398,66,249,2215,2464,0.923884514435696,0.973214285714286,0.0267857142857143,0.101055194805195,0.898944805194805
183,2223,0,66,2406,66,249,2223,2472,0.926884139482565,0.973300970873786,0.0266990291262136,0.100728155339806,0.899271844660194
183,2231,0,66,2414,66,249,2231,2480,0.929883764529434,0.973387096774194,0.0266129032258065,0.100403225806452,0.899596774193548
183,2239,0,66,2422,66,249,2239,2488,0.932883389576303,0.973472668810289,0.0265273311897106,0.10008038585209,0.89991961414791
183,2247,0,66,2430,66,249,2247,2496,0.935883014623172,0.973557692307692,0.0264423076923077,0.0997596153846154,0.900240384615385
183,2255,0,66,2438,66,249,2255,2504,0.938882639670041,0.973642172523962,0.0263578274760383,0.0994408945686901,0.90055910543131
183,2263,0,66,2446,66,249,2263,2512,0.94188226471691,0.973726114649682,0.0262738853503185,0.0991242038216561,0.900875796178344
183,2271,0,66,2454,66,249,2271,2520,0.94488188976378,0.973809523809524,0.0261904761904762,0.0988095238095238,0.901190476190476
183,2279,0,66,2462,66,249,2279,2528,0.947881514810649,0.973892405063291,0.0261075949367089,0.098496835443038,0.901503164556962
183,2287,0,66,2470,66,249,2287,2536,0.950881139857518,0.97397476340694,0.0260252365930599,0.098186119873817,0.901813880126183
183,2295,0,66,2478,66,249,2295,2544,0.953880764904387,0.974056603773585,0.0259433962264151,0.097877358490566,0.902122641509434
183,2303,0,66,2486,66,249,2303,2552,0.956880389951256,0.974137931034483,0.0258620689655172,0.0975705329153605,0.902429467084639
183,2311,0,66,2494,66,249,2311,2560,0.959880014998125,0.97421875,0.02578125,0.097265625,0.902734375
183,2319,0,66,2502,66,249,2319,2568,0.962879640044994,0.974299065420561,0.0257009345794393,0.0969626168224299,0.90303738317757
183,2327,0,66,2510,66,249,2327,2576,0.965879265091864,0.974378881987578,0.0256211180124224,0.0966614906832298,0.90333850931677
183,2335,0,66,2518,66,249,2335,2584,0.968878890138733,0.974458204334365,0.0255417956656347,0.0963622291021672,0.903637770897833
183,2343,0,66,2526,66,249,2343,2592,0.971878515185602,0.974537037037037,0.025462962962963,0.0960648148148148,0.903935185185185
183,2351,0,66,2534,66,249,2351,2600,0.974878140232471,0.974615384615385,0.0253846153846154,0.0957692307692308,0.904230769230769
183,2359,0,66,2542,66,249,2359,2608,0.97787776527934,0.974693251533742,0.0253067484662577,0.0954754601226994,0.904524539877301
183,2367,0,66,2550,66,249,2367,2616,0.980877390326209,0.974770642201835,0.0252293577981651,0.0951834862385321,0.904816513761468
183,2375,0,66,2558,66,249,2375,2624,0.983877015373078,0.97484756097561,0.0251524390243902,0.0948932926829268,0.905106707317073
183,2383,0,66,2566,66,249,2383,2632,0.986876640419947,0.974924012158055,0.0250759878419453,0.0946048632218845,0.905395136778115
183,2391,0,66,2574,66,249,2391,2640,0.989876265466817,0.975,0.025,0.0943181818181818,0.905681818181818
183,2399,0,66,2582,66,249,2399,2648,0.992875890513686,0.975075528700906,0.0249244712990937,0.0940332326283988,0.905966767371601
183,2407,0,66,2590,66,249,2407,2656,0.995875515560555,0.975150602409639,0.0248493975903614,0.09375,0.90625
183,2415,0,66,2598,66,249,2415,2664,0.998875140607424,0.975225225225225,0.0247747747747748,0.0934684684684685,0.906531531531532
183,2423,0,66,2606,66,249,2423,2672,1.00187476565429,0.975299401197605,0.0247005988023952,0.093188622754491,0.906811377245509
183,2431,0,66,2614,66,249,2431,2680,1.00487439070116,0.975373134328358,0.0246268656716418,0.092910447761194,0.907089552238806
183,2439,0,66,2622,66,249,2439,2688,1.00787401574803,0.975446428571429,0.0245535714285714,0.0926339285714286,0.907366071428571
183,2447,0,66,2630,66,249,2447,2696,1.0108736407949,0.975519287833828,0.0244807121661721,0.0923590504451039,0.907640949554896
183,2455,0,66,2638,66,249,2455,2704,1.01387326584177,0.975591715976331,0.0244082840236686,0.092085798816568,0.907914201183432
183,2463,0,66,2646,66,249,2463,2712,1.01687289088864,0.975663716814159,0.0243362831858407,0.0918141592920354,0.908185840707965
183,2471,0,66,2654,66,249,2471,2720,1.01987251593551,0.975735294117647,0.0242647058823529,0.0915441176470588,0.908455882352941
183,2479,0,66,2662,66,249,2479,2728,1.02287214098238,0.975806451612903,0.0241935483870968,0.0912756598240469,0.908724340175953
183,2487,0,66,2670,66,249,2487,2736,1.02587176602925,0.975877192982456,0.0241228070175439,0.0910087719298246,0.908991228070175
183,2495,0,66,2678,66,249,2495,2744,1.02887139107612,0.975947521865889,0.0240524781341108,0.0907434402332361,0.909256559766764
183,2503,0,66,2686,66,249,2503,2752,1.03187101612298,0.976017441860465,0.0239825581395349,0.0904796511627907,0.909520348837209
183,2511,0,66,2694,66,249,2511,2760,1.03487064116985,0.976086956521739,0.0239130434782609,0.0902173913043478,0.909782608695652
183,2519,0,66,2702,66,249,2519,2768,1.03787026621672,0.976156069364162,0.0238439306358381,0.0899566473988439,0.910043352601156
183,2527,0,66,2710,66,249,2527,2776,1.04086989126359,0.976224783861671,0.0237752161383285,0.0896974063400576,0.910302593659942
183,2535,0,66,2718,66,249,2535,2784,1.04386951631046,0.976293103448276,0.0237068965517241,0.0894396551724138,0.910560344827586
183,2543,0,66,2726,66,249,2543,2792,1.04686914135733,0.976361031518625,0.0236389684813754,0.0891833810888252,0.910816618911175
183,2551,0,66,2734,66,249,2551,2800,1.0498687664042,0.976428571428571,0.0235714285714286,0.0889285714285714,0.911071428571429
183,2559,0,66,2742,66,249,2559,2808,1.05286839145107,0.976495726495726,0.0235042735042735,0.0886752136752137,0.911324786324786
183,2567,0,66,2750,66,249,2567,2816,1.05586801649794,0.9765625,0.0234375,0.0884232954545455,0.911576704545455
183,2575,0,66,2758,66,249,2575,2824,1.05886764154481,0.976628895184136,0.023371104815864,0.0881728045325779,0.911827195467422
183,2583,0,66,2766,66,249,2583,2832,1.06186726659168,0.976694915254237,0.0233050847457627,0.0879237288135593,0.912076271186441
183,2591,0,66,2774,66,249,2591,2840,1.06486689163855,0.976760563380282,0.0232394366197183,0.0876760563380282,0.912323943661972
183,2599,0,66,2782,66,249,2599,2848,1.06786651668541,0.976825842696629,0.0231741573033708,0.0874297752808989,0.912570224719101
183,2607,0,66,2790,66,249,2607,2856,1.07086614173228,0.976890756302521,0.023109243697479,0.0871848739495798,0.91281512605042
183,2615,0,66,2798,66,249,2615,2864,1.07386576677915,0.97695530726257,0.0230446927374302,0.0869413407821229,0.913058659217877
183,2623,0,66,2806,66,249,2623,2872,1.07686539182602,0.977019498607242,0.0229805013927577,0.0866991643454039,0.913300835654596
183,2631,0,66,2814,66,249,2631,2880,1.07986501687289,0.977083333333333,0.0229166666666667,0.0864583333333333,0.913541666666667
183,2639,0,66,2822,66,249,2639,2888,1.08286464191976,0.977146814404432,0.0228531855955679,0.0862188365650969,0.913781163434903
183,2647,0,66,2830,66,249,2647,2896,1.08586426696663,0.977209944751381,0.0227900552486188,0.0859806629834254,0.914019337016575
183,2655,0,66,2838,66,249,2655,2904,1.0888638920135,0.977272727272727,0.0227272727272727,0.0857438016528926,0.914256198347107
183,2663,0,66,2846,66,249,2663,2912,1.09186351706037,0.977335164835165,0.0226648351648352,0.0855082417582418,0.914491758241758
183,2671,0,66,2854,66,249,2671,2920,1.09486314210724,0.977397260273973,0.0226027397260274,0.0852739726027397,0.91472602739726
183,2679,0,66,2862,66,249,2679,2928,1.09786276715411,0.977459016393443,0.0225409836065574,0.0850409836065574,0.914959016393443
183,2687,0,66,2870,66,249,2687,2936,1.10086239220097,0.977520435967302,0.0224795640326975,0.0848092643051771,0.915190735694823
183,2695,0,66,2878,66,249,2695,2944,1.10386201724784,0.97758152173913,0.0224184782608696,0.0845788043478261,0.915421195652174
183,2703,0,66,2886,66,249,2703,2952,1.10686164229471,0.977642276422764,0.0223577235772358,0.084349593495935,0.915650406504065
183,2711,0,66,2894,66,249,2711,2960,1.10986126734158,0.977702702702703,0.0222972972972973,0.0841216216216216,0.915878378378378
183,2719,0,66,2902,66,249,2719,2968,1.11286089238845,0.977762803234501,0.0222371967654987,0.0838948787061995,0.916105121293801
183,2727,0,66,2910,66,249,2727,2976,1.11586051743532,0.977822580645161,0.0221774193548387,0.0836693548387097,0.91633064516129
183,2735,0,66,2918,66,249,2735,2984,1.11886014248219,0.977882037533512,0.0221179624664879,0.0834450402144772,0.916554959785523
183,2743,0,66,2926,66,249,2743,2992,1.12185976752906,0.977941176470588,0.0220588235294118,0.0832219251336898,0.91677807486631
183,2751,0,66,2934,66,249,2751,3000,1.12485939257593,0.978,0.022,0.083,0.917
183,2759,0,66,2942,66,249,2759,3008,1.1278590176228,0.978058510638298,0.0219414893617021,0.0827792553191489,0.917220744680851
183,2767,0,66,2950,66,249,2767,3016,1.13085864266967,0.978116710875332,0.0218832891246684,0.0825596816976127,0.917440318302387
183,2775,0,66,2958,66,249,2775,3024,1.13385826771654,0.978174603174603,0.0218253968253968,0.0823412698412698,0.91765873015873
183,2783,0,66,2966,66,249,2783,3032,1.1368578927634,0.978232189973615,0.0217678100263852,0.0821240105540897,0.91787598944591
183,2791,0,66,2974,66,249,2791,3040,1.13985751781027,0.97828947368421,0.0217105263157895,0.0819078947368421,0.918092105263158
183,2799,0,66,2982,66,249,2799,3048,1.14285714285714,0.978346456692913,0.0216535433070866,0.0816929133858268,0.918307086614173
183,2807,0,66,2990,66,249,2807,3056,1.14585676790401,0.978403141361257,0.0215968586387435,0.081479057591623,0.918520942408377
183,2815,0,66,2998,66,249,2815,3064,1.14885639295088,0.97845953002611,0.0215404699738903,0.081266318537859,0.918733681462141
183,2823,0,66,3006,66,249,2823,3072,1.15185601799775,0.978515625,0.021484375,0.0810546875,0.9189453125
183,2831,0,66,3014,66,249,2831,3080,1.15485564304462,0.978571428571429,0.0214285714285714,0.0808441558441558,0.919155844155844
183,2839,0,66,3022,66,249,2839,3088,1.15785526809149,0.978626943005181,0.0213730569948187,0.0806347150259067,0.919365284974093
183,2847,0,66,3030,66,249,2847,3096,1.16085489313836,0.978682170542636,0.0213178294573643,0.0804263565891473,0.919573643410853
183,2855,0,66,3038,66,249,2855,3104,1.16385451818523,0.978737113402062,0.0212628865979381,0.0802190721649485,0.919780927835052
183,2863,0,66,3046,66,249,2863,3112,1.1668541432321,0.97879177377892,0.0212082262210797,0.080012853470437,0.919987146529563
183,2871,0,66,3054,66,249,2871,3120,1.16985376827897,0.978846153846154,0.0211538461538462,0.0798076923076923,0.920192307692308
183,2879,0,66,3062,66,249,2879,3128,1.17285339332583,0.978900255754476,0.0210997442455243,0.0796035805626598,0.92039641943734
183,2887,0,66,3070,66,249,2887,3136,1.1758530183727,0.978954081632653,0.0210459183673469,0.0794005102040816,0.920599489795918
183,2895,0,66,3078,66,249,2895,3144,1.17885264341957,0.979007633587786,0.0209923664122137,0.0791984732824427,0.920801526717557
183,2903,0,66,3086,66,249,2903,3152,1.18185226846644,0.979060913705584,0.0209390862944162,0.078997461928934,0.921002538071066
183,2911,0,66,3094,66,249,2911,3160,1.18485189351331,0.979113924050633,0.0208860759493671,0.0787974683544304,0.92120253164557
183,2919,0,66,3102,66,249,2919,3168,1.18785151856018,0.979166666666667,0.0208333333333333,0.0785984848484848,0.921401515151515
183,2927,0,66,3110,66,249,2927,3176,1.19085114360705,0.979219143576826,0.0207808564231738,0.0784005037783375,0.921599496221662
183,2935,0,66,3118,66,249,2935,3184,1.19385076865392,0.97927135678392,0.0207286432160804,0.0782035175879397,0.92179648241206
183,2943,0,66,3126,66,249,2943,3192,1.19685039370079,0.979323308270677,0.0206766917293233,0.0780075187969925,0.921992481203007
183,2951,0,66,3134,66,249,2951,3200,1.19985001874766,0.979375,0.020625,0.0778125,0.9221875
183,2959,0,66,3142,66,249,2959,3208,1.20284964379453,0.979426433915212,0.020573566084788,0.0776184538653367,0.922381546134663
183,2967,0,66,3150,66,249,2967,3216,1.20584926884139,0.979477611940298,0.0205223880597015,0.0774253731343284,0.922574626865672
183,2975,0,66,3158,66,249,2975,3224,1.20884889388826,0.979528535980149,0.0204714640198511,0.0772332506203474,0.922766749379653
183,2983,0,66,3166,66,249,2983,3232,1.21184851893513,0.979579207920792,0.0204207920792079,0.0770420792079208,0.922957920792079
183,2991,0,66,3174,66,249,2991,3240,1.214848143982,0.97962962962963,0.0203703703703704,0.0768518518518519,0.923148148148148
183,2999,0,66,3182,66,249,2999,3248,1.21784776902887,0.979679802955665,0.020320197044335,0.0766625615763547,0.923337438423645
183,3007,0,66,3190,66,249,3007,3256,1.22084739407574,0.97972972972973,0.0202702702702703,0.0764742014742015,0.923525798525799
183,3015,0,66,3198,66,249,3015,3264,1.22384701912261,0.979779411764706,0.0202205882352941,0.0762867647058824,0.923713235294118
183,3023,0,66,3206,66,249,3023,3272,1.22684664416948,0.979828850855746,0.0201711491442543,0.0761002444987775,0.923899755501223
183,3031,0,66,3214,66,249,3031,3280,1.22984626921635,0.979878048780488,0.0201219512195122,0.0759146341463415,0.924085365853659
183,3039,0,66,3222,66,249,3039,3288,1.23284589426322,0.97992700729927,0.0200729927007299,0.0757299270072993,0.924270072992701
183,3047,0,66,3230,66,249,3047,3296,1.23584551931009,0.97997572815534,0.0200242718446602,0.0755461165048544,0.924453883495146
183,3055,0,66,3238,66,249,3055,3304,1.23884514435696,0.98002421307506,0.0199757869249395,0.075363196125908,0.924636803874092
183,3063,0,66,3246,66,249,3063,3312,1.24184476940382,0.980072463768116,0.0199275362318841,0.0751811594202899,0.92481884057971
183,3071,0,66,3254,66,249,3071,3320,1.24484439445069,0.980120481927711,0.0198795180722892,0.075,0.925
183,3079,0,66,3262,66,249,3079,3328,1.24784401949756,0.980168269230769,0.0198317307692308,0.0748197115384615,0.925180288461538
183,3087,0,66,3270,66,249,3087,3336,1.25084364454443,0.98021582733813,0.0197841726618705,0.0746402877697842,0.925359712230216
183,3095,0,66,3278,66,249,3095,3344,1.2538432695913,0.980263157894737,0.0197368421052632,0.0744617224880383,0.925538277511962
183,3103,0,66,3286,66,249,3103,3352,1.25684289463817,0.980310262529833,0.0196897374701671,0.0742840095465394,0.925715990453461
183,3111,0,66,3294,66,249,3111,3360,1.25984251968504,0.980357142857143,0.0196428571428571,0.0741071428571429,0.925892857142857
183,3119,0,66,3302,66,249,3119,3368,1.26284214473191,0.980403800475059,0.0195961995249406,0.0739311163895487,0.926068883610451
183,3127,0,66,3310,66,249,3127,3376,1.26584176977878,0.980450236966825,0.0195497630331754,0.0737559241706161,0.926244075829384
183,3135,0,66,3318,66,249,3135,3384,1.26884139482565,0.980496453900709,0.0195035460992908,0.0735815602836879,0.926418439716312
183,3143,0,66,3326,66,249,3143,3392,1.27184101987252,0.980542452830189,0.0194575471698113,0.0734080188679245,0.926591981132076
183,3151,0,66,3334,66,249,3151,3400,1.27484064491939,0.980588235294118,0.0194117647058824,0.0732352941176471,0.926764705882353
183,3159,0,66,3342,66,249,3159,3408,1.27784026996625,0.980633802816901,0.0193661971830986,0.0730633802816901,0.92693661971831
183,3167,0,66,3350,66,249,3167,3416,1.28083989501312,0.980679156908665,0.0193208430913349,0.0728922716627635,0.927107728337237
183,3175,0,66,3358,66,249,3175,3424,1.28383952005999,0.980724299065421,0.0192757009345794,0.0727219626168224,0.927278037383178
183,3177,0,72,3360,72,255,3177,3432,1.28683914510686,0.979020979020979,0.020979020979021,0.0743006993006993,0.925699300699301
183,3179,0,78,3362,78,261,3179,3440,1.28983877015373,0.977325581395349,0.0226744186046512,0.0758720930232558,0.924127906976744
183,3180,0,85,3363,85,268,3180,3448,1.2928383952006,0.975348027842227,0.0246519721577726,0.0777262180974478,0.922273781902552
183,3182,0,91,3365,91,274,3182,3456,1.29583802024747,0.973668981481482,0.0263310185185185,0.0792824074074074,0.920717592592593
183,3189,0,92,3372,92,275,3189,3464,1.29883764529434,0.973441108545035,0.0265588914549654,0.0793879907621247,0.920612009237875
183,3197,0,92,3380,92,275,3197,3472,1.30183727034121,0.973502304147465,0.0264976958525346,0.079205069124424,0.920794930875576
183,3205,0,92,3388,92,275,3205,3480,1.30483689538808,0.973563218390805,0.0264367816091954,0.0790229885057471,0.920977011494253
183,3213,0,92,3396,92,275,3213,3488,1.30783652043495,0.973623853211009,0.0263761467889908,0.0788417431192661,0.921158256880734
183,3221,0,92,3404,92,275,3221,3496,1.31083614548181,0.973684210526316,0.0263157894736842,0.0786613272311213,0.921338672768879
183,3229,0,92,3412,92,275,3229,3504,1.31383577052868,0.973744292237443,0.0262557077625571,0.0784817351598174,0.921518264840183
183,3237,0,92,3420,92,275,3237,3512,1.31683539557555,0.97380410022779,0.0261958997722096,0.0783029612756264,0.921697038724374
183,3245,0,92,3428,92,275,3245,3520,1.31983502062242,0.973863636363636,0.0261363636363636,0.078125,0.921875
183,3253,0,92,3436,92,275,3253,3528,1.32283464566929,0.973922902494331,0.0260770975056689,0.0779478458049887,0.922052154195011
183,3261,0,92,3444,92,275,3261,3536,1.32583427071616,0.973981900452489,0.0260180995475113,0.0777714932126697,0.92222850678733
183,3269,0,92,3452,92,275,3269,3544,1.32883389576303,0.974040632054176,0.0259593679458239,0.0775959367945824,0.922404063205418
183,3277,0,92,3460,92,275,3277,3552,1.3318335208099,0.974099099099099,0.0259009009009009,0.0774211711711712,0.922578828828829
183,3285,0,92,3468,92,275,3285,3560,1.33483314585677,0.974157303370787,0.0258426966292135,0.0772471910112359,0.922752808988764
183,3293,0,92,3476,92,275,3293,3568,1.33783277090364,0.974215246636771,0.0257847533632287,0.0770739910313901,0.92292600896861
183,3301,0,92,3484,92,275,3301,3576,1.34083239595051,0.97427293064877,0.0257270693512304,0.0769015659955257,0.923098434004474
183,3309,0,92,3492,92,275,3309,3584,1.34383202099738,0.974330357142857,0.0256696428571429,0.0767299107142857,0.923270089285714
183,3317,0,92,3500,92,275,3317,3592,1.34683164604424,0.974387527839644,0.0256124721603563,0.0765590200445434,0.923440979955457
183,3325,0,92,3508,92,275,3325,3600,1.34983127109111,0.974444444444444,0.0255555555555556,0.0763888888888889,0.923611111111111
183,3333,0,92,3516,92,275,3333,3608,1.35283089613798,0.97450110864745,0.0254988913525499,0.076219512195122,0.923780487804878
183,3341,0,92,3524,92,275,3341,3616,1.35583052118485,0.974557522123894,0.0254424778761062,0.0760508849557522,0.923949115044248
183,3349,0,92,3532,92,275,3349,3624,1.35883014623172,0.974613686534216,0.0253863134657837,0.0758830022075055,0.924116997792494
183,3357,0,92,3540,92,275,3357,3632,1.36182977127859,0.974669603524229,0.0253303964757709,0.075715859030837,0.924284140969163
183,3365,0,92,3548,92,275,3365,3640,1.36482939632546,0.974725274725275,0.0252747252747253,0.0755494505494505,0.92445054945055
183,3373,0,92,3556,92,275,3373,3648,1.36782902137233,0.974780701754386,0.025219298245614,0.0753837719298246,0.924616228070175
183,3381,0,92,3564,92,275,3381,3656,1.3708286464192,0.974835886214442,0.025164113785558,0.075218818380744,0.924781181619256
183,3389,0,92,3572,92,275,3389,3664,1.37382827146607,0.974890829694323,0.0251091703056769,0.0750545851528384,0.924945414847162
183,3397,0,92,3580,92,275,3397,3672,1.37682789651294,0.974945533769063,0.0250544662309368,0.0748910675381264,0.925108932461874
183,3405,0,92,3588,92,275,3405,3680,1.37982752155981,0.975,0.025,0.0747282608695652,0.925271739130435
183,3413,0,92,3596,92,275,3413,3688,1.38282714660667,0.975054229934924,0.0249457700650759,0.0745661605206074,0.925433839479393
183,3421,0,92,3604,92,275,3421,3696,1.38582677165354,0.975108225108225,0.0248917748917749,0.0744047619047619,0.925595238095238
183,3429,0,92,3612,92,275,3429,3704,1.38882639670041,0.975161987041037,0.0248380129589633,0.074244060475162,0.925755939524838
183,3437,0,92,3620,92,275,3437,3712,1.39182602174728,0.975215517241379,0.0247844827586207,0.0740840517241379,0.925915948275862
183,3445,0,92,3628,92,275,3445,3720,1.39482564679415,0.975268817204301,0.0247311827956989,0.0739247311827957,0.926075268817204
183,3453,0,92,3636,92,275,3453,3728,1.39782527184102,0.975321888412017,0.0246781115879828,0.0737660944206009,0.926233905579399
183,3461,0,92,3644,92,275,3461,3736,1.40082489688789,0.975374732334047,0.0246252676659529,0.0736081370449679,0.926391862955032
183,3469,0,92,3652,92,275,3469,3744,1.40382452193476,0.97542735042735,0.0245726495726496,0.0734508547008547,0.926549145299145
183,3477,0,92,3660,92,275,3477,3752,1.40682414698163,0.975479744136461,0.0245202558635394,0.0732942430703625,0.926705756929638
183,3485,0,92,3668,92,275,3485,3760,1.4098237720285,0.975531914893617,0.024468085106383,0.0731382978723404,0.92686170212766
183,3493,0,92,3676,92,275,3493,3768,1.41282339707537,0.975583864118896,0.024416135881104,0.0729830148619958,0.927016985138004
183,3501,0,92,3684,92,275,3501,3776,1.41582302212223,0.975635593220339,0.024364406779661,0.0728283898305085,0.927171610169492
183,3509,0,92,3692,92,275,3509,3784,1.4188226471691,0.97568710359408,0.0243128964059197,0.0726744186046512,0.927325581395349
183,3517,0,92,3700,92,275,3517,3792,1.42182227221597,0.975738396624473,0.0242616033755274,0.0725210970464135,0.927478902953586
183,3525,0,92,3708,92,275,3525,3800,1.42482189726284,0.975789473684211,0.0242105263157895,0.0723684210526316,0.927631578947368
183,3533,0,92,3716,92,275,3533,3808,1.42782152230971,0.975840336134454,0.0241596638655462,0.0722163865546218,0.927783613445378
183,3541,0,92,3724,92,275,3541,3816,1.43082114735658,0.975890985324948,0.0241090146750524,0.0720649895178197,0.92793501048218
183,3549,0,92,3732,92,275,3549,3824,1.43382077240345,0.975941422594142,0.0240585774058577,0.0719142259414226,0.928085774058577
183,3557,0,92,3740,92,275,3557,3832,1.43682039745032,0.975991649269311,0.0240083507306889,0.0717640918580376,0.928235908141962
183,3565,0,92,3748,92,275,3565,3840,1.43982002249719,0.976041666666667,0.0239583333333333,0.0716145833333333,0.928385416666667
183,3573,0,92,3756,92,275,3573,3848,1.44281964754406,0.976091476091476,0.0239085239085239,0.0714656964656965,0.928534303534304
183,3581,0,92,3764,92,275,3581,3856,1.44581927259093,0.976141078838174,0.0238589211618257,0.0713174273858921,0.928682572614108
183,3589,0,92,3772,92,275,3589,3864,1.4488188976378,0.976190476190476,0.0238095238095238,0.0711697722567288,0.928830227743271
183,3597,0,92,3780,92,275,3597,3872,1.45181852268466,0.976239669421488,0.0237603305785124,0.0710227272727273,0.928977272727273
183,3605,0,92,3788,92,275,3605,3880,1.45481814773153,0.976288659793814,0.0237113402061856,0.0708762886597938,0.929123711340206
183,3613,0,92,3796,92,275,3613,3888,1.4578177727784,0.976337448559671,0.0236625514403292,0.0707304526748971,0.929269547325103
183,3621,0,92,3804,92,275,3621,3896,1.46081739782527,0.976386036960986,0.0236139630390144,0.0705852156057495,0.929414784394251
183,3629,0,92,3812,92,275,3629,3904,1.46381702287214,0.976434426229508,0.0235655737704918,0.0704405737704918,0.929559426229508
183,3637,0,92,3820,92,275,3637,3912,1.46681664791901,0.976482617586912,0.0235173824130879,0.0702965235173824,0.929703476482618
183,3645,0,92,3828,92,275,3645,3920,1.46981627296588,0.976530612244898,0.023469387755102,0.0701530612244898,0.92984693877551
183,3653,0,92,3836,92,275,3653,3928,1.47281589801275,0.976578411405295,0.0234215885947047,0.070010183299389,0.929989816700611
183,3661,0,92,3844,92,275,3661,3936,1.47581552305962,0.976626016260163,0.0233739837398374,0.0698678861788618,0.930132113821138
183,3669,0,92,3852,92,275,3669,3944,1.47881514810649,0.976673427991886,0.0233265720081136,0.0697261663286004,0.9302738336714
183,3677,0,92,3860,92,275,3677,3952,1.48181477315336,0.976720647773279,0.0232793522267206,0.069585020242915,0.930414979757085
183,3685,0,92,3868,92,275,3685,3960,1.48481439820022,0.976767676767677,0.0232323232323232,0.0694444444444444,0.930555555555556
183,3693,0,92,3876,92,275,3693,3968,1.48781402324709,0.976814516129032,0.0231854838709677,0.069304435483871,0.930695564516129
183,3701,0,92,3884,92,275,3701,3976,1.49081364829396,0.976861167002012,0.0231388329979879,0.0691649899396378,0.930835010060362
183,3709,0,92,3892,92,275,3709,3984,1.49381327334083,0.976907630522088,0.0230923694779116,0.0690261044176707,0.930973895582329
183,3717,0,92,3900,92,275,3717,3992,1.4968128983877,0.976953907815631,0.0230460921843687,0.0688877755511022,0.931112224448898
183,3725,0,92,3908,92,275,3725,4000,1.49981252343457,0.977,0.023,0.06875,0.93125
183,3733,0,92,3916,92,275,3733,4008,1.50281214848144,0.977045908183633,0.0229540918163673,0.0686127744510978,0.931387225548902
183,3741,0,92,3924,92,275,3741,4016,1.50581177352831,0.977091633466135,0.0229083665338645,0.0684760956175299,0.93152390438247
183,3749,0,92,3932,92,275,3749,4024,1.50881139857518,0.97713717693837,0.0228628230616302,0.0683399602385686,0.931660039761431
183,3757,0,92,3940,92,275,3757,4032,1.51181102362205,0.97718253968254,0.0228174603174603,0.0682043650793651,0.931795634920635
183,3765,0,92,3948,92,275,3765,4040,1.51481064866892,0.977227722772277,0.0227722772277228,0.0680693069306931,0.931930693069307
183,3773,0,92,3956,92,275,3773,4048,1.51781027371579,0.977272727272727,0.0227272727272727,0.0679347826086956,0.932065217391304
183,3781,0,92,3964,92,275,3781,4056,1.52080989876265,0.977317554240631,0.0226824457593688,0.0678007889546351,0.932199211045365
183,3789,0,92,3972,92,275,3789,4064,1.52380952380952,0.977362204724409,0.0226377952755906,0.0676673228346457,0.932332677165354
183,3797,0,92,3980,92,275,3797,4072,1.52680914885639,0.977406679764244,0.0225933202357564,0.0675343811394892,0.932465618860511
183,3805,0,92,3988,92,275,3805,4080,1.52980877390326,0.977450980392157,0.0225490196078431,0.0674019607843137,0.932598039215686
183,3813,0,92,3996,92,275,3813,4088,1.53280839895013,0.977495107632094,0.0225048923679061,0.0672700587084149,0.932729941291585
183,3821,0,92,4004,92,275,3821,4096,1.535808023997,0.9775390625,0.0224609375,0.067138671875,0.932861328125
183,3829,0,92,4012,92,275,3829,4104,1.53880764904387,0.977582846003899,0.0224171539961014,0.0670077972709552,0.932992202729045
183,3837,0,92,4020,92,275,3837,4112,1.54180727409074,0.977626459143969,0.0223735408560311,0.0668774319066148,0.933122568093385
183,3841,0,96,4024,96,279,3841,4120,1.54480689913761,0.976699029126214,0.0233009708737864,0.0677184466019417,0.932281553398058
183,3842,0,103,4025,103,286,3842,4128,1.54780652418448,0.975048449612403,0.0249515503875969,0.0692829457364341,0.930717054263566
183,3843,0,110,4026,110,293,3843,4136,1.55080614923135,0.973404255319149,0.0265957446808511,0.0708413926499033,0.929158607350097
183,3844,0,117,4027,117,300,3844,4144,1.55380577427822,0.971766409266409,0.0282335907335907,0.0723938223938224,0.927606177606178
183,3845,0,124,4028,124,307,3845,4152,1.55680539932508,0.970134874759152,0.0298651252408478,0.0739402697495183,0.926059730250482
183,3846,0,131,4029,131,314,3846,4160,1.55980502437195,0.968509615384615,0.0314903846153846,0.0754807692307692,0.924519230769231
183,3847,0,138,4030,138,321,3847,4168,1.56280464941882,0.966890595009597,0.0331094049904031,0.0770153550863724,0.922984644913628
183,3848,0,145,4031,145,328,3848,4176,1.56580427446569,0.965277777777778,0.0347222222222222,0.078544061302682,0.921455938697318
183,3849,0,152,4032,152,335,3849,4184,1.56880389951256,0.963671128107075,0.0363288718929254,0.0800669216061185,0.919933078393882
183,3850,0,159,4033,159,342,3850,4192,1.57180352455943,0.962070610687023,0.0379293893129771,0.0815839694656489,0.918416030534351
183,3851,0,166,4034,166,349,3851,4200,1.5748031496063,0.96047619047619,0.0395238095238095,0.0830952380952381,0.916904761904762
183,3852,0,173,4035,173,356,3852,4208,1.57780277465317,0.95888783269962,0.0411121673003802,0.0846007604562738,0.915399239543726
183,3853,0,180,4036,180,363,3853,4216,1.58080239970004,0.9573055028463,0.0426944971537002,0.0861005692599621,0.913899430740038
183,3854,0,187,4037,187,370,3854,4224,1.58380202474691,0.955729166666667,0.0442708333333333,0.087594696969697,0.912405303030303
183,3855,0,194,4038,194,377,3855,4232,1.58680164979378,0.954158790170132,0.0458412098298677,0.0890831758034027,0.910916824196597
183,3856,0,201,4039,201,384,3856,4240,1.58980127484064,0.952594339622642,0.0474056603773585,0.0905660377358491,0.909433962264151
183,3857,0,208,4040,208,391,3857,4248,1.59280089988751,0.951035781544256,0.0489642184557439,0.0920433145009416,0.907956685499058
183,3858,0,215,4041,215,398,3858,4256,1.59580052493438,0.949483082706767,0.0505169172932331,0.093515037593985,0.906484962406015
183,3859,0,222,4042,222,405,3859,4264,1.59880014998125,0.947936210131332,0.0520637898686679,0.0949812382739212,0.905018761726079
183,3860,0,229,4043,229,412,3860,4272,1.60179977502812,0.946395131086142,0.0536048689138577,0.0964419475655431,0.903558052434457
183,3861,0,236,4044,236,419,3861,4280,1.60479940007499,0.944859813084112,0.0551401869158879,0.0978971962616822,0.902102803738318
183,3862,0,243,4045,243,426,3862,4288,1.60779902512186,0.943330223880597,0.056669776119403,0.0993470149253731,0.900652985074627
183,3863,0,250,4046,250,433,3863,4296,1.61079865016873,0.941806331471136,0.0581936685288641,0.100791433891993,0.899208566108007
183,3864,0,257,4047,257,440,3864,4304,1.6137982752156,0.940288104089219,0.0597118959107807,0.102230483271375,0.897769516728624
183,3865,0,264,4048,264,447,3865,4312,1.61679790026247,0.938775510204082,0.0612244897959184,0.103664192949907,0.896335807050093
183,3866,0,271,4049,271,454,3866,4320,1.61979752530934,0.937268518518519,0.0627314814814815,0.105092592592593,0.894907407407407
183,3867,0,278,4050,278,461,3867,4328,1.62279715035621,0.935767097966728,0.0642329020332717,0.106515711645102,0.893484288354898
183,3868,0,285,4051,285,468,3868,4336,1.62579677540307,0.934271217712177,0.0657287822878229,0.107933579335793,0.892066420664207
183,3869,0,292,4052,292,475,3869,4344,1.62879640044994,0.932780847145488,0.067219152854512,0.109346224677716,0.890653775322284
183,3870,0,299,4053,299,482,3870,4352,1.63179602549681,0.931295955882353,0.0687040441176471,0.110753676470588,0.889246323529412
183,3871,0,306,4054,306,489,3871,4360,1.63479565054368,0.929816513761468,0.0701834862385321,0.112155963302752,0.887844036697248
183,3872,0,313,4055,313,496,3872,4368,1.63779527559055,0.928342490842491,0.0716575091575092,0.113553113553114,0.886446886446886
183,3874,0,319,4057,319,502,3874,4376,1.64079490063742,0.927102376599634,0.0728976234003656,0.114716636197441,0.885283363802559
183,3875,0,326,4058,326,509,3875,4384,1.64379452568429,0.925638686131387,0.0743613138686131,0.11610401459854,0.88389598540146
183,3877,0,332,4060,332,515,3877,4392,1.64679415073116,0.924408014571949,0.075591985428051,0.117258652094718,0.882741347905282
183,3879,0,338,4062,338,521,3879,4400,1.64979377577803,0.923181818181818,0.0768181818181818,0.118409090909091,0.881590909090909
183,3881,0,344,4064,344,527,3881,4408,1.6527934008249,0.921960072595281,0.0780399274047187,0.119555353901996,0.880444646098004
183,3883,0,350,4066,350,533,3883,4416,1.65579302587177,0.920742753623188,0.0792572463768116,0.120697463768116,0.879302536231884
183,3884,0,357,4067,357,540,3884,4424,1.65879265091864,0.919303797468354,0.0806962025316456,0.122061482820976,0.877938517179023
183,3885,0,364,4068,364,547,3885,4432,1.6617922759655,0.917870036101083,0.082129963898917,0.123420577617329,0.876579422382672
183,3886,0,371,4069,371,554,3886,4440,1.66479190101237,0.916441441441441,0.0835585585585586,0.124774774774775,0.875225225225225
183,3887,0,378,4070,378,561,3887,4448,1.66779152605924,0.915017985611511,0.0849820143884892,0.126124100719424,0.873875899280576
183,3888,0,385,4071,385,568,3888,4456,1.67079115110611,0.913599640933573,0.0864003590664273,0.127468581687612,0.872531418312388
183,3889,0,392,4072,392,575,3889,4464,1.67379077615298,0.912186379928315,0.0878136200716846,0.128808243727599,0.871191756272401
183,3890,0,399,4073,399,582,3890,4472,1.67679040119985,0.910778175313059,0.089221824686941,0.130143112701252,0.869856887298748
183,3891,0,406,4074,406,589,3891,4480,1.67979002624672,0.909375,0.090625,0.131473214285714,0.868526785714286
183,3892,0,413,4075,413,596,3892,4488,1.68278965129359,0.907976827094474,0.0920231729055258,0.132798573975045,0.867201426024955
183,3893,0,420,4076,420,603,3893,4496,1.68578927634046,0.906583629893238,0.0934163701067616,0.134119217081851,0.86588078291815
183,3894,0,427,4077,427,610,3894,4504,1.68878890138733,0.905195381882771,0.0948046181172291,0.135435168738899,0.864564831261101
183,3895,0,434,4078,434,617,3895,4512,1.6917885264342,0.903812056737589,0.0961879432624113,0.136746453900709,0.863253546099291
183,3896,0,441,4079,441,624,3896,4520,1.69478815148106,0.902433628318584,0.0975663716814159,0.138053097345133,0.861946902654867
183,3897,0,448,4080,448,631,3897,4528,1.69778777652793,0.901060070671378,0.0989399293286219,0.139355123674912,0.860644876325088
183,3898,0,455,4081,455,638,3898,4536,1.7007874015748,0.899691358024691,0.100308641975309,0.140652557319224,0.859347442680776
183,3899,0,462,4082,462,645,3899,4544,1.70378702662167,0.898327464788732,0.101672535211268,0.141945422535211,0.858054577464789
183,3900,0,469,4083,469,652,3900,4552,1.70678665166854,0.896968365553603,0.103031634446397,0.14323374340949,0.85676625659051
183,3901,0,476,4084,476,659,3901,4560,1.70978627671541,0.895614035087719,0.104385964912281,0.144517543859649,0.855482456140351
183,3902,0,483,4085,483,666,3902,4568,1.71278590176228,0.894264448336252,0.105735551663748,0.145796847635727,0.854203152364273
183,3903,0,490,4086,490,673,3903,4576,1.71578552680915,0.89291958041958,0.10708041958042,0.147071678321678,0.852928321678322
183,3904,0,497,4087,497,680,3904,4584,1.71878515185602,0.891579406631763,0.108420593368237,0.148342059336824,0.851657940663176
183,3905,0,504,4088,504,687,3905,4592,1.72178477690289,0.890243902439024,0.109756097560976,0.149608013937282,0.850391986062718
183,3906,0,511,4089,511,694,3906,4600,1.72478440194976,0.888913043478261,0.111086956521739,0.150869565217391,0.849130434782609
183,3907,0,518,4090,518,701,3907,4608,1.72778402699663,0.887586805555556,0.112413194444444,0.152126736111111,0.847873263888889
183,3908,0,525,4091,525,708,3908,4616,1.73078365204349,0.886265164644714,0.113734835355286,0.153379549393414,0.846620450606586
183,3909,0,532,4092,532,715,3909,4624,1.73378327709036,0.884948096885813,0.115051903114187,0.154628027681661,0.845371972318339
183,3910,0,539,4093,539,722,3910,4632,1.73678290213723,0.883635578583765,0.116364421416235,0.15587219343696,0.84412780656304
183,3911,0,546,4094,546,729,3911,4640,1.7397825271841,0.882327586206897,0.117672413793103,0.157112068965517,0.842887931034483
183,3912,0,553,4095,553,736,3912,4648,1.74278215223097,0.881024096385542,0.118975903614458,0.158347676419966,0.841652323580034
183,3913,0,560,4096,560,743,3913,4656,1.74578177727784,0.879725085910653,0.120274914089347,0.159579037800687,0.840420962199313
183,3915,0,566,4098,566,749,3915,4664,1.74878140232471,0.878644939965695,0.121355060034305,0.160591766723842,0.839408233276158
183,3917,0,572,4100,572,755,3917,4672,1.75178102737158,0.877568493150685,0.122431506849315,0.16160102739726,0.83839897260274
183,3919,0,578,4102,578,761,3919,4680,1.75478065241845,0.876495726495726,0.123504273504274,0.162606837606838,0.837393162393162
183,3921,0,584,4104,584,767,3921,4688,1.75778027746532,0.87542662116041,0.12457337883959,0.163609215017065,0.836390784982935
183,3923,0,590,4106,590,773,3923,4696,1.76077990251219,0.874361158432709,0.125638841567291,0.164608177172061,0.835391822827939
183,3925,0,596,4108,596,779,3925,4704,1.76377952755906,0.873299319727891,0.126700680272109,0.165603741496599,0.834396258503401
183,3927,0,602,4110,602,785,3927,4712,1.76677915260592,0.872241086587436,0.127758913412564,0.166595925297114,0.833404074702886
183,3929,0,608,4112,608,791,3929,4720,1.76977877765279,0.871186440677966,0.128813559322034,0.167584745762712,0.832415254237288
183,3931,0,614,4114,614,797,3931,4728,1.77277840269966,0.870135363790186,0.129864636209814,0.168570219966159,0.831429780033841
183,3933,0,620,4116,620,803,3933,4736,1.77577802774653,0.869087837837838,0.130912162162162,0.169552364864865,0.830447635135135
183,3935,0,626,4118,626,809,3935,4744,1.7787776527934,0.868043844856661,0.131956155143339,0.170531197301855,0.829468802698145
183,3937,0,632,4120,632,815,3937,4752,1.78177727784027,0.867003367003367,0.132996632996633,0.171506734006734,0.828493265993266
183,3939,0,638,4122,638,821,3939,4760,1.78477690288714,0.865966386554622,0.134033613445378,0.172478991596639,0.827521008403361
183,3941,0,644,4124,644,827,3941,4768,1.78777652793401,0.86493288590604,0.13506711409396,0.173447986577181,0.826552013422819
183,3943,0,650,4126,650,833,3943,4776,1.79077615298088,0.863902847571189,0.136097152428811,0.174413735343384,0.825586264656616
183,3945,0,656,4128,656,839,3945,4784,1.79377577802775,0.862876254180602,0.137123745819398,0.175376254180602,0.824623745819398
183,3946,0,663,4129,663,846,3946,4792,1.79677540307462,0.861644407345576,0.138355592654424,0.176544240400668,0.823455759599332
183,3947,0,670,4130,670,853,3947,4800,1.79977502812148,0.860416666666667,0.139583333333333,0.177708333333333,0.822291666666667
183,3948,0,677,4131,677,860,3948,4808,1.80277465316835,0.859193011647255,0.140806988352745,0.178868552412646,0.821131447587354
183,3949,0,684,4132,684,867,3949,4816,1.80577427821522,0.85797342192691,0.14202657807309,0.180024916943522,0.819975083056478
183,3950,0,691,4133,691,874,3950,4824,1.80877390326209,0.856757877280265,0.143242122719735,0.181177446102819,0.818822553897181
183,3951,0,698,4134,698,881,3951,4832,1.81177352830896,0.855546357615894,0.144453642384106,0.182326158940397,0.817673841059603
183,3952,0,705,4135,705,888,3952,4840,1.81477315335583,0.854338842975207,0.145661157024793,0.183471074380165,0.816528925619835
183,3953,0,712,4136,712,895,3953,4848,1.8177727784027,0.853135313531353,0.146864686468647,0.184612211221122,0.815387788778878
183,3954,0,719,4137,719,902,3954,4856,1.82077240344957,0.851935749588138,0.148064250411862,0.185749588138385,0.814250411861615
183,3955,0,726,4138,726,909,3955,4864,1.82377202849644,0.850740131578947,0.149259868421053,0.186883223684211,0.813116776315789
183,3956,0,733,4139,733,916,3956,4872,1.82677165354331,0.849548440065681,0.150451559934319,0.188013136288998,0.811986863711002
183,3957,0,740,4140,740,923,3957,4880,1.82977127859018,0.848360655737705,0.151639344262295,0.189139344262295,0.810860655737705
183,3958,0,747,4141,747,930,3958,4888,1.83277090363705,0.847176759410802,0.152823240589198,0.190261865793781,0.809738134206219
183,3959,0,754,4142,754,937,3959,4896,1.83577052868391,0.845996732026144,0.154003267973856,0.191380718954248,0.808619281045752
183,3960,0,761,4143,761,944,3960,4904,1.83877015373078,0.844820554649266,0.155179445350734,0.192495921696574,0.807504078303426
183,3961,0,768,4144,768,951,3961,4912,1.84176977877765,0.843648208469055,0.156351791530945,0.193607491856678,0.806392508143323
183,3962,0,775,4145,775,958,3962,4920,1.84476940382452,0.842479674796748,0.157520325203252,0.194715447154472,0.805284552845528
183,3963,0,782,4146,782,965,3963,4928,1.84776902887139,0.841314935064935,0.158685064935065,0.195819805194805,0.804180194805195
183,3964,0,789,4147,789,972,3964,4936,1.85076865391826,0.84015397082658,0.15984602917342,0.196920583468395,0.803079416531605
183,3965,0,796,4148,796,979,3965,4944,1.85376827896513,0.838996763754045,0.161003236245955,0.198017799352751,0.801982200647249
183,3966,0,803,4149,803,986,3966,4952,1.856767904012,0.837843295638126,0.162156704361874,0.199111470113086,0.800888529886914
183,3967,0,810,4150,810,993,3967,4960,1.85976752905887,0.836693548387097,0.163306451612903,0.200201612903226,0.799798387096774
183,3968,0,817,4151,817,1000,3968,4968,1.86276715410574,0.835547504025765,0.164452495974235,0.201288244766506,0.798711755233494
183,3969,0,824,4152,824,1007,3969,4976,1.86576677915261,0.834405144694534,0.165594855305466,0.202371382636656,0.797628617363344
183,3970,0,831,4153,831,1014,3970,4984,1.86876640419948,0.833266452648475,0.166733547351525,0.203451043338684,0.796548956661316
183,3971,0,838,4154,838,1021,3971,4992,1.87176602924634,0.83213141025641,0.16786858974359,0.204527243589744,0.795472756410256
183,3972,0,845,4155,845,1028,3972,5000,1.87476565429321,0.831,0.169,0.2056,0.7944
183,3973,0,852,4156,852,1035,3973,5008,1.87776527934008,0.829872204472843,0.170127795527157,0.206669329073482,0.793330670926518
183,3974,0,859,4157,859,1042,3974,5016,1.88076490438695,0.828748006379585,0.171251993620415,0.207735247208931,0.792264752791069
183,3975,0,866,4158,866,1049,3975,5024,1.88376452943382,0.827627388535032,0.172372611464968,0.208797770700637,0.791202229299363
183,3976,0,873,4159,873,1056,3976,5032,1.88676415448069,0.826510333863275,0.173489666136725,0.209856915739269,0.790143084260731
183,3977,0,880,4160,880,1063,3977,5040,1.88976377952756,0.825396825396825,0.174603174603175,0.210912698412698,0.789087301587302
183,3978,0,887,4161,887,1070,3978,5048,1.89276340457443,0.824286846275753,0.175713153724247,0.211965134706815,0.788034865293185
183,3979,0,894,4162,894,1077,3979,5056,1.8957630296213,0.823180379746835,0.176819620253165,0.213014240506329,0.786985759493671
183,3980,0,901,4163,901,1084,3980,5064,1.89876265466817,0.822077409162717,0.177922590837283,0.214060031595577,0.785939968404423
183,3981,0,908,4164,908,1091,3981,5072,1.90176227971504,0.820977917981073,0.179022082018927,0.215102523659306,0.784897476340694
183,3982,0,915,4165,915,1098,3982,5080,1.9047619047619,0.81988188976378,0.18011811023622,0.216141732283465,0.783858267716535
183,3983,0,922,4166,922,1105,3983,5088,1.90776152980877,0.818789308176101,0.181210691823899,0.217177672955975,0.782822327044025
183,3984,0,929,4167,929,1112,3984,5096,1.91076115485564,0.817700156985871,0.182299843014129,0.218210361067504,0.781789638932496
183,3985,0,936,4168,936,1119,3985,5104,1.91376077990251,0.816614420062696,0.183385579937304,0.219239811912226,0.780760188087774
183,3986,0,943,4169,943,1126,3986,5112,1.91676040494938,0.815532081377152,0.184467918622848,0.220266040688576,0.779733959311424
183,3987,0,950,4170,950,1133,3987,5120,1.91976002999625,0.814453125,0.185546875,0.2212890625,0.7787109375
183,3988,0,957,4171,957,1140,3988,5128,1.92275965504312,0.813377535101404,0.186622464898596,0.222308892355694,0.777691107644306
183,3989,0,964,4172,964,1147,3989,5136,1.92575928008999,0.812305295950156,0.187694704049844,0.22332554517134,0.77667445482866
183,3990,0,971,4173,971,1154,3990,5144,1.92875890513686,0.811236391912908,0.188763608087092,0.224339035769829,0.775660964230171
183,3991,0,978,4174,978,1161,3991,5152,1.93175853018373,0.810170807453416,0.189829192546584,0.225349378881988,0.774650621118012
183,3992,0,985,4175,985,1168,3992,5160,1.9347581552306,0.809108527131783,0.190891472868217,0.226356589147287,0.773643410852713
183,3993,0,992,4176,992,1175,3993,5168,1.93775778027747,0.808049535603715,0.191950464396285,0.227360681114551,0.772639318885449
183,3994,0,999,4177,999,1182,3994,5176,1.94075740532433,0.806993817619784,0.193006182380216,0.228361669242658,0.771638330757342
183,3995,0,1006,4178,1006,1189,3995,5184,1.9437570303712,0.805941358024691,0.194058641975309,0.229359567901235,0.770640432098765
183,3996,0,1013,4179,1013,1196,3996,5192,1.94675665541807,0.804892141756549,0.195107858243451,0.230354391371341,0.769645608628659
183,3997,0,1020,4180,1020,1203,3997,5200,1.94975628046494,0.803846153846154,0.196153846153846,0.231346153846154,0.768653846153846
183,3998,0,1027,4181,1027,1210,3998,5208,1.95275590551181,0.802803379416283,0.197196620583717,0.232334869431644,0.767665130568356
183,3999,0,1034,4182,1034,1217,3999,5216,1.95575553055868,0.801763803680982,0.198236196319018,0.233320552147239,0.766679447852761
183,4000,0,1041,4183,1041,1224,4000,5224,1.95875515560555,0.80072741194487,0.19927258805513,0.234303215926493,0.765696784073507
183,4001,0,1048,4184,1048,1231,4001,5232,1.96175478065242,0.799694189602447,0.200305810397554,0.235282874617737,0.764717125382263
183,4002,0,1055,4185,1055,1238,4002,5240,1.96475440569929,0.798664122137405,0.201335877862595,0.236259541984733,0.763740458015267
183,4003,0,1062,4186,1062,1245,4003,5248,1.96775403074616,0.797637195121951,0.202362804878049,0.237233231707317,0.762766768292683
183,4004,0,1069,4187,1069,1252,4004,5256,1.97075365579303,0.796613394216134,0.203386605783866,0.23820395738204,0.76179604261796
183,4005,0,1076,4188,1076,1259,4005,5264,1.9737532808399,0.795592705167173,0.204407294832827,0.239171732522796,0.760828267477204
183,4006,0,1083,4189,1083,1266,4006,5272,1.97675290588676,0.794575113808801,0.205424886191199,0.240136570561457,0.759863429438543
183,4007,0,1090,4190,1090,1273,4007,5280,1.97975253093363,0.793560606060606,0.206439393939394,0.241098484848485,0.758901515151515
183,4008,0,1097,4191,1097,1280,4008,5288,1.9827521559805,0.792549167927383,0.207450832072617,0.242057488653555,0.757942511346445
183,4009,0,1104,4192,1104,1287,4009,5296,1.98575178102737,0.791540785498489,0.208459214501511,0.243013595166163,0.756986404833837
183,4010,0,1111,4193,1111,1294,4010,5304,1.98875140607424,0.79053544494721,0.20946455505279,0.243966817496229,0.756033182503771
183,4011,0,1118,4194,1118,1301,4011,5312,1.99175103112111,0.78953313253012,0.21046686746988,0.244917168674699,0.755082831325301
183,4012,0,1125,4195,1125,1308,4012,5320,1.99475065616798,0.788533834586466,0.211466165413534,0.245864661654135,0.754135338345865
183,4013,0,1132,4196,1132,1315,4013,5328,1.99775028121485,0.787537537537538,0.212462462462462,0.246809309309309,0.753190690690691
183,4014,0,1139,4197,1139,1322,4014,5336,2.00074990626172,0.786544227886057,0.213455772113943,0.247751124437781,0.752248875562219
183,4015,0,1146,4198,1146,1329,4015,5344,2.00374953130859,0.785553892215569,0.214446107784431,0.248690119760479,0.751309880239521
183,4016,0,1153,4199,1153,1336,4016,5352,2.00674915635546,0.784566517189836,0.215433482810164,0.249626307922272,0.750373692077728
183,4017,0,1160,4200,1160,1343,4017,5360,2.00974878140232,0.783582089552239,0.216417910447761,0.250559701492537,0.749440298507463
183,4018,0,1167,4201,1167,1350,4018,5368,2.01274840644919,0.782600596125186,0.217399403874814,0.251490312965723,0.748509687034277
183,4019,0,1174,4202,1174,1357,4019,5376,2.01574803149606,0.781622023809524,0.218377976190476,0.252418154761905,0.747581845238095
183,4020,0,1181,4203,1181,1364,4020,5384,2.01874765654293,0.780646359583952,0.219353640416048,0.25334323922734,0.74665676077266
183,4021,0,1188,4204,1188,1371,4021,5392,2.0217472815898,0.779673590504451,0.220326409495549,0.254265578635015,0.745734421364985
183,4022,0,1195,4205,1195,1378,4022,5400,2.02474690663667,0.778703703703704,0.221296296296296,0.255185185185185,0.744814814814815
183,4023,0,1202,4206,1202,1385,4023,5408,2.02774653168354,0.777736686390533,0.222263313609467,0.256102071005917,0.743897928994083
183,4024,0,1209,4207,1209,1392,4024,5416,2.03074615673041,0.776772525849335,0.223227474150665,0.257016248153619,0.742983751846381
183,4025,0,1216,4208,1216,1399,4025,5424,2.03374578177728,0.775811209439528,0.224188790560472,0.257927728613569,0.742072271386431
183,4026,0,1223,4209,1223,1406,4026,5432,2.03674540682415,0.774852724594993,0.225147275405007,0.258836524300442,0.741163475699558
183,4027,0,1230,4210,1230,1413,4027,5440,2.03974503187102,0.773897058823529,0.226102941176471,0.259742647058824,0.740257352941176
183,4028,0,1237,4211,1237,1420,4028,5448,2.04274465691789,0.772944199706314,0.227055800293686,0.26064610866373,0.73935389133627
183,4029,0,1244,4212,1244,1427,4029,5456,2.04574428196475,0.771994134897361,0.228005865102639,0.261546920821114,0.738453079178886
183,4030,0,1251,4213,1251,1434,4030,5464,2.04874390701162,0.771046852122987,0.228953147877013,0.262445095168375,0.737554904831625
183,4031,0,1258,4214,1258,1441,4031,5472,2.05174353205849,0.770102339181287,0.229897660818713,0.263340643274854,0.736659356725146
183,4032,0,1265,4215,1265,1448,4032,5480,2.05474315710536,0.769160583941606,0.230839416058394,0.264233576642336,0.735766423357664
183,4033,0,1272,4216,1272,1455,4033,5488,2.05774278215223,0.768221574344023,0.231778425655977,0.265123906705539,0.734876093294461
183,4034,0,1279,4217,1279,1462,4034,5496,2.0607424071991,0.767285298398836,0.232714701601164,0.266011644832606,0.733988355167394
183,4035,0,1286,4218,1286,1469,4035,5504,2.06374203224597,0.766351744186046,0.233648255813953,0.266896802325581,0.733103197674419
183,4036,0,1293,4219,1293,1476,4036,5512,2.06674165729284,0.765420899854862,0.234579100145138,0.2677793904209,0.7322206095791
183,4037,0,1300,4220,1300,1483,4037,5520,2.06974128233971,0.764492753623188,0.235507246376812,0.268659420289855,0.731340579710145
183,4038,0,1307,4221,1307,1490,4038,5528,2.07274090738658,0.763567293777135,0.236432706222865,0.269536903039074,0.730463096960926
183,4039,0,1314,4222,1314,1497,4039,5536,2.07574053243345,0.76264450867052,0.23735549132948,0.270411849710983,0.729588150289017
183,4040,0,1321,4223,1321,1504,4040,5544,2.07874015748031,0.761724386724387,0.238275613275613,0.271284271284271,0.728715728715729
183,4041,0,1328,4224,1328,1511,4041,5552,2.08173978252718,0.760806916426513,0.239193083573487,0.272154178674352,0.727845821325648
183,4042,0,1335,4225,1335,1518,4042,5560,2.08473940757405,0.759892086330935,0.240107913669065,0.273021582733813,0.726978417266187
183,4043,0,1342,4226,1342,1525,4043,5568,2.08773903262092,0.758979885057471,0.241020114942529,0.273886494252874,0.726113505747126
183,4044,0,1349,4227,1349,1532,4044,5576,2.09073865766779,0.758070301291248,0.241929698708752,0.274748923959828,0.725251076040172
183,4045,0,1356,4228,1356,1539,4045,5584,2.09373828271466,0.757163323782235,0.242836676217765,0.27560888252149,0.72439111747851
183,4046,0,1363,4229,1363,1546,4046,5592,2.09673790776153,0.756258941344778,0.243741058655222,0.276466380543634,0.723533619456366
183,4047,0,1370,4230,1370,1553,4047,5600,2.0997375328084,0.755357142857143,0.244642857142857,0.277321428571429,0.722678571428571
183,4048,0,1377,4231,1377,1560,4048,5608,2.10273715785527,0.754457917261056,0.245542082738944,0.278174037089872,0.721825962910128
183,4049,0,1384,4232,1384,1567,4049,5616,2.10573678290214,0.753561253561254,0.246438746438746,0.279024216524217,0.720975783475784
183,4050,0,1391,4233,1391,1574,4050,5624,2.10873640794901,0.752667140825036,0.247332859174964,0.279871977240398,0.720128022759602
183,4051,0,1398,4234,1398,1581,4051,5632,2.11173603299588,0.751775568181818,0.248224431818182,0.280717329545455,0.719282670454545
183,4052,0,1405,4235,1405,1588,4052,5640,2.11473565804274,0.750886524822695,0.249113475177305,0.281560283687943,0.718439716312057
183,4053,0,1412,4236,1412,1595,4053,5648,2.11773528308961,0.75,0.25,0.282400849858357,0.717599150141643
183,4054,0,1419,4237,1419,1602,4054,5656,2.12073490813648,0.749115983026874,0.250884016973126,0.283239038189533,0.716760961810467
183,4055,0,1426,4238,1426,1609,4055,5664,2.12373453318335,0.748234463276836,0.251765536723164,0.284074858757062,0.715925141242938
183,4056,0,1433,4239,1433,1616,4056,5672,2.12673415823022,0.747355430183357,0.252644569816643,0.28490832157969,0.71509167842031
183,4057,0,1440,4240,1440,1623,4057,5680,2.12973378327709,0.746478873239437,0.253521126760563,0.285739436619718,0.714260563380282
183,4058,0,1447,4241,1447,1630,4058,5688,2.13273340832396,0.745604781997187,0.254395218002813,0.286568213783404,0.713431786216596
183,4059,0,1454,4242,1454,1637,4059,5696,2.13573303337083,0.744733146067416,0.255266853932584,0.287394662921348,0.712605337078652
183,4060,0,1461,4243,1461,1644,4060,5704,2.1387326584177,0.743863955119215,0.256136044880785,0.288218793828892,0.711781206171108
183,4061,0,1468,4244,1468,1651,4061,5712,2.14173228346457,0.742997198879552,0.257002801120448,0.289040616246499,0.710959383753501
183,4062,0,1475,4245,1475,1658,4062,5720,2.14473190851144,0.742132867132867,0.257867132867133,0.28986013986014,0.71013986013986
183,4063,0,1482,4246,1482,1665,4063,5728,2.14773153355831,0.74127094972067,0.25872905027933,0.290677374301676,0.709322625698324
183,4064,0,1489,4247,1489,1672,4064,5736,2.15073115860517,0.740411436541144,0.259588563458856,0.291492329149233,0.708507670850767
183,4065,0,1496,4248,1496,1679,4065,5744,2.15373078365204,0.739554317548747,0.260445682451253,0.292305013927577,0.707694986072423
183,4066,0,1503,4249,1503,1686,4066,5752,2.15673040869891,0.738699582753825,0.261300417246175,0.293115438108484,0.706884561891516
183,4067,0,1510,4250,1510,1693,4067,5760,2.15973003374578,0.737847222222222,0.262152777777778,0.293923611111111,0.706076388888889
183,4068,0,1517,4251,1517,1700,4068,5768,2.16272965879265,0.736997226074896,0.263002773925104,0.294729542302358,0.705270457697642
183,4069,0,1524,4252,1524,1707,4069,5776,2.16572928383952,0.736149584487535,0.263850415512465,0.29553324099723,0.70446675900277
183,4070,0,1531,4253,1531,1714,4070,5784,2.16872890888639,0.73530428769018,0.26469571230982,0.296334716459198,0.703665283540802
183,4071,0,1538,4254,1538,1721,4071,5792,2.17172853393326,0.734461325966851,0.265538674033149,0.297133977900552,0.702866022099447
183,4072,0,1545,4255,1545,1728,4072,5800,2.17472815898013,0.733620689655172,0.266379310344828,0.297931034482759,0.702068965517241
183,4073,0,1552,4256,1552,1735,4073,5808,2.177727784027,0.732782369146005,0.267217630853994,0.298725895316804,0.701274104683196
183,4074,0,1559,4257,1559,1742,4074,5816,2.18072740907387,0.731946354883081,0.268053645116919,0.299518569463549,0.700481430536451
183,4075,0,1566,4258,1566,1749,4075,5824,2.18372703412073,0.731112637362637,0.268887362637363,0.300309065934066,0.699690934065934
183,4076,0,1573,4259,1573,1756,4076,5832,2.1867266591676,0.730281207133059,0.269718792866941,0.301097393689986,0.698902606310014
183,4077,0,1580,4260,1580,1763,4077,5840,2.18972628421447,0.729452054794521,0.270547945205479,0.301883561643836,0.698116438356164
183,4078,0,1587,4261,1587,1770,4078,5848,2.19272590926134,0.728625170998632,0.271374829001368,0.302667578659371,0.697332421340629
183,4079,0,1594,4262,1594,1777,4079,5856,2.19572553430821,0.727800546448087,0.272199453551913,0.303449453551913,0.696550546448087
183,4080,0,1601,4263,1601,1784,4080,5864,2.19872515935508,0.726978171896317,0.273021828103683,0.304229195088677,0.695770804911323
183,4081,0,1608,4264,1608,1791,4081,5872,2.20172478440195,0.726158038147139,0.273841961852861,0.305006811989101,0.694993188010899
183,4082,0,1615,4265,1615,1798,4082,5880,2.20472440944882,0.725340136054422,0.274659863945578,0.30578231292517,0.69421768707483
183,4083,0,1622,4266,1622,1805,4083,5888,2.20772403449569,0.724524456521739,0.275475543478261,0.306555706521739,0.693444293478261
183,4084,0,1629,4267,1629,1812,4084,5896,2.21072365954256,0.723710990502035,0.276289009497965,0.307327001356852,0.692672998643148
183,4085,0,1636,4268,1636,1819,4085,5904,2.21372328458943,0.72289972899729,0.27710027100271,0.30809620596206,0.69190379403794
183,4086,0,1643,4269,1643,1826,4086,5912,2.2167229096363,0.722090663058187,0.277909336941813,0.308863328822733,0.691136671177267
183,4087,0,1650,4270,1650,1833,4087,5920,2.21972253468316,0.721283783783784,0.278716216216216,0.309628378378378,0.690371621621622
183,4088,0,1657,4271,1657,1840,4088,5928,2.22272215973003,0.720479082321188,0.279520917678812,0.310391363022942,0.689608636977058
183,4089,0,1664,4272,1664,1847,4089,5936,2.2257217847769,0.719676549865229,0.280323450134771,0.311152291105121,0.688847708894879
183,4090,0,1671,4273,1671,1854,4090,5944,2.22872140982377,0.718876177658143,0.281123822341857,0.311911170928668,0.688088829071332
183,4091,0,1678,4274,1678,1861,4091,5952,2.23172103487064,0.718077956989247,0.281922043010753,0.312668010752688,0.687331989247312
183,4092,0,1685,4275,1685,1868,4092,5960,2.23472065991751,0.717281879194631,0.282718120805369,0.313422818791946,0.686577181208054
183,4093,0,1692,4276,1692,1875,4093,5968,2.23772028496438,0.716487935656836,0.283512064343164,0.314175603217158,0.685824396782842
183,4094,0,1699,4277,1699,1882,4094,5976,2.24071991001125,0.715696117804552,0.284303882195448,0.314926372155288,0.685073627844712
183,4095,0,1706,4278,1706,1889,4095,5984,2.24371953505812,0.7149064171123,0.285093582887701,0.31567513368984,0.68432486631016
183,4096,0,1713,4279,1713,1896,4096,5992,2.24671916010499,0.714118825100133,0.285881174899866,0.316421895861148,0.683578104138852
183,4097,0,1720,4280,1720,1903,4097,6000,2.24971878515186,0.713333333333333,0.286666666666667,0.317166666666667,0.682833333333333
183,4098,0,1727,4281,1727,1910,4098,6008,2.25271841019873,0.712549933422104,0.287450066577896,0.317909454061252,0.682090545938748
183,4099,0,1734,4282,1734,1917,4099,6016,2.25571803524559,0.711768617021277,0.288231382978723,0.318650265957447,0.681349734042553
183,4100,0,1741,4283,1741,1924,4100,6024,2.25871766029246,0.710989375830013,0.289010624169987,0.319389110225764,0.680610889774236
183,4101,0,1748,4284,1748,1931,4101,6032,2.26171728533933,0.710212201591512,0.289787798408488,0.32012599469496,0.67987400530504
183,4102,0,1755,4285,1755,1938,4102,6040,2.2647169103862,0.709437086092715,0.290562913907285,0.320860927152318,0.679139072847682
183,4103,0,1762,4286,1762,1945,4103,6048,2.26771653543307,0.708664021164021,0.291335978835979,0.321593915343915,0.678406084656085
183,4104,0,1769,4287,1769,1952,4104,6056,2.27071616047994,0.707892998678996,0.292107001321004,0.322324966974901,0.677675033025099
183,4105,0,1776,4288,1776,1959,4105,6064,2.27371578552681,0.70712401055409,0.29287598944591,0.323054089709763,0.676945910290237
183,4106,0,1783,4289,1783,1966,4106,6072,2.27671541057368,0.706357048748353,0.293642951251647,0.323781291172596,0.676218708827404
183,4107,0,1790,4290,1790,1973,4107,6080,2.27971503562055,0.705592105263158,0.294407894736842,0.324506578947368,0.675493421052632
183,4108,0,1797,4291,1797,1980,4108,6088,2.28271466066742,0.704829172141919,0.295170827858081,0.325229960578187,0.674770039421813
183,4109,0,1804,4292,1804,1987,4109,6096,2.28571428571429,0.704068241469816,0.295931758530184,0.325951443569554,0.674048556430446
183,4110,0,1811,4293,1811,1994,4110,6104,2.28871391076115,0.703309305373526,0.296690694626474,0.326671035386632,0.673328964613368
183,4111,0,1818,4294,1818,2001,4111,6112,2.29171353580802,0.702552356020942,0.297447643979058,0.327388743455497,0.672611256544503
183,4112,0,1825,4295,1825,2008,4112,6120,2.29471316085489,0.701797385620915,0.298202614379085,0.328104575163399,0.671895424836601
183,4113,0,1832,4296,1832,2015,4113,6128,2.29771278590176,0.701044386422977,0.298955613577023,0.328818537859008,0.671181462140992
183,4114,0,1839,4297,1839,2022,4114,6136,2.30071241094863,0.70029335071708,0.29970664928292,0.329530638852673,0.670469361147327
183,4115,0,1846,4298,1846,2029,4115,6144,2.3037120359955,0.699544270833333,0.300455729166667,0.330240885416667,0.669759114583333
183,4116,0,1853,4299,1853,2036,4116,6152,2.30671166104237,0.698797139141743,0.301202860858257,0.330949284785436,0.669050715214564
183,4117,0,1860,4300,1860,2043,4117,6160,2.30971128608924,0.698051948051948,0.301948051948052,0.331655844155844,0.668344155844156
183,4118,0,1867,4301,1867,2050,4118,6168,2.31271091113611,0.69730869001297,0.30269130998703,0.332360570687419,0.667639429312581
183,4119,0,1874,4302,1874,2057,4119,6176,2.31571053618298,0.696567357512953,0.303432642487047,0.333063471502591,0.666936528497409
183,4120,0,1881,4303,1881,2064,4120,6184,2.31871016122985,0.695827943078913,0.304172056921087,0.333764553686934,0.666235446313066
183,4121,0,1888,4304,1888,2071,4121,6192,2.32170978627672,0.695090439276486,0.304909560723514,0.334463824289406,0.665536175710594
183,4122,0,1895,4305,1895,2078,4122,6200,2.32470941132358,0.694354838709677,0.305645161290323,0.335161290322581,0.664838709677419
183,4123,0,1902,4306,1902,2085,4123,6208,2.32770903637045,0.693621134020619,0.306378865979381,0.335856958762887,0.664143041237113
183,4124,0,1909,4307,1909,2092,4124,6216,2.33070866141732,0.692889317889318,0.307110682110682,0.336550836550837,0.663449163449163
183,4125,0,1916,4308,1916,2099,4125,6224,2.33370828646419,0.692159383033419,0.307840616966581,0.33724293059126,0.66275706940874
183,4126,0,1923,4309,1923,2106,4126,6232,2.33670791151106,0.691431322207959,0.308568677792041,0.33793324775353,0.66206675224647
183,4127,0,1930,4310,1930,2113,4127,6240,2.33970753655793,0.690705128205128,0.309294871794872,0.338621794871795,0.661378205128205
183,4128,0,1937,4311,1937,2120,4128,6248,2.3427071616048,0.689980793854033,0.310019206145967,0.339308578745198,0.660691421254802
183,4130,0,1943,4313,1943,2126,4130,6256,2.34570678665167,0.689418158567775,0.310581841432225,0.339833759590793,0.660166240409207
186,4132,0,1946,4318,1946,2132,4132,6264,2.34870641169854,0.68933588761175,0.31066411238825,0.340357598978289,0.659642401021711
194,4132,0,1946,4326,1946,2140,4132,6272,2.35170603674541,0.689732142857143,0.310267857142857,0.341198979591837,0.658801020408163
202,4132,0,1946,4334,1946,2148,4132,6280,2.35470566179228,0.690127388535032,0.309872611464968,0.34203821656051,0.65796178343949
210,4132,0,1946,4342,1946,2156,4132,6288,2.35770528683915,0.690521628498728,0.309478371501272,0.342875318066158,0.657124681933842
218,4132,0,1946,4350,1946,2164,4132,6296,2.36070491188601,0.690914866581957,0.309085133418043,0.343710292249047,0.656289707750953
226,4132,0,1946,4358,1946,2172,4132,6304,2.36370453693288,0.691307106598985,0.308692893401015,0.344543147208122,0.655456852791878
234,4132,0,1946,4366,1946,2180,4132,6312,2.36670416197975,0.69169835234474,0.30830164765526,0.345373891001267,0.654626108998733
242,4132,0,1946,4374,1946,2188,4132,6320,2.36970378702662,0.692088607594937,0.307911392405063,0.34620253164557,0.65379746835443
250,4132,0,1946,4382,1946,2196,4132,6328,2.37270341207349,0.692477876106195,0.307522123893805,0.347029077117573,0.652970922882427
258,4132,0,1946,4390,1946,2204,4132,6336,2.37570303712036,0.692866161616162,0.307133838383838,0.347853535353535,0.652146464646465
266,4132,0,1946,4398,1946,2212,4132,6344,2.37870266216723,0.693253467843632,0.306746532156368,0.348675914249685,0.651324085750315
274,4132,0,1946,4406,1946,2220,4132,6352,2.3817022872141,0.693639798488665,0.306360201511335,0.349496221662469,0.650503778337531
282,4132,0,1946,4414,1946,2228,4132,6360,2.38470191226097,0.694025157232704,0.305974842767296,0.350314465408805,0.649685534591195
290,4132,0,1946,4422,1946,2236,4132,6368,2.38770153730784,0.694409547738693,0.305590452261307,0.351130653266332,0.648869346733668
298,4132,0,1946,4430,1946,2244,4132,6376,2.39070116235471,0.694792973651192,0.305207026348808,0.351944792973651,0.648055207026349
301,4133,0,1950,4434,1950,2251,4133,6384,2.39370078740158,0.694548872180451,0.305451127819549,0.352600250626566,0.647399749373434
301,4134,0,1957,4435,1957,2258,4134,6392,2.39670041244844,0.69383604505632,0.30616395494368,0.353254067584481,0.646745932415519
301,4135,0,1964,4436,1964,2265,4135,6400,2.39970003749531,0.693125,0.306875,0.35390625,0.64609375
301,4136,0,1971,4437,1971,2272,4136,6408,2.40269966254218,0.692415730337079,0.307584269662921,0.354556803995006,0.645443196004994
301,4137,0,1978,4438,1978,2279,4137,6416,2.40569928758905,0.691708229426434,0.308291770573566,0.355205735660848,0.644794264339152
301,4138,0,1985,4439,1985,2286,4138,6424,2.40869891263592,0.691002490660025,0.308997509339975,0.35585305105853,0.64414694894147
301,4139,0,1992,4440,1992,2293,4139,6432,2.41169853768279,0.690298507462687,0.309701492537313,0.356498756218905,0.643501243781095
301,4140,0,1999,4441,1999,2300,4140,6440,2.41469816272966,0.689596273291926,0.310403726708075,0.357142857142857,0.642857142857143
301,4141,0,2006,4442,2006,2307,4141,6448,2.41769778777653,0.688895781637717,0.311104218362283,0.357785359801489,0.642214640198511
301,4142,0,2013,4443,2013,2314,4142,6456,2.4206974128234,0.688197026022305,0.311802973977695,0.358426270136307,0.641573729863693
301,4143,0,2020,4444,2020,2321,4143,6464,2.42369703787027,0.6875,0.3125,0.359065594059406,0.640934405940594
301,4144,0,2027,4445,2027,2328,4144,6472,2.42669666291714,0.686804697156984,0.313195302843016,0.359703337453646,0.640296662546354
301,4145,0,2034,4446,2034,2335,4145,6480,2.429696287964,0.686111111111111,0.313888888888889,0.36033950617284,0.639660493827161
301,4146,0,2041,4447,2041,2342,4146,6488,2.43269591301087,0.685419235511714,0.314580764488286,0.360974106041924,0.639025893958076
301,4147,0,2048,4448,2048,2349,4147,6496,2.43569553805774,0.684729064039409,0.315270935960591,0.361607142857143,0.638392857142857
301,4148,0,2055,4449,2055,2356,4148,6504,2.43869516310461,0.684040590405904,0.315959409594096,0.362238622386224,0.637761377613776
301,4149,0,2062,4450,2062,2363,4149,6512,2.44169478815148,0.683353808353808,0.316646191646192,0.36286855036855,0.63713144963145
301,4150,0,2069,4451,2069,2370,4150,6520,2.44469441319835,0.682668711656442,0.317331288343558,0.363496932515337,0.636503067484663
301,4151,0,2076,4452,2076,2377,4151,6528,2.44769403824522,0.681985294117647,0.318014705882353,0.364123774509804,0.635876225490196
301,4152,0,2083,4453,2083,2384,4152,6536,2.45069366329209,0.681303549571603,0.318696450428397,0.364749082007344,0.635250917992656
301,4153,0,2090,4454,2090,2391,4153,6544,2.45369328833896,0.680623471882641,0.319376528117359,0.365372860635697,0.634627139364303
301,4154,0,2097,4455,2097,2398,4154,6552,2.45669291338583,0.679945054945055,0.320054945054945,0.365995115995116,0.634004884004884
301,4155,0,2104,4456,2104,2405,4155,6560,2.4596925384327,0.679268292682927,0.320731707317073,0.366615853658537,0.633384146341463
301,4157,0,2110,4458,2110,2411,4157,6568,2.46269216347957,0.678745432399513,0.321254567600487,0.367082825822168,0.632917174177832
301,4159,0,2116,4460,2116,2417,4159,6576,2.46569178852643,0.678223844282238,0.321776155717762,0.367548661800487,0.632451338199513
301,4161,0,2122,4462,2122,2423,4161,6584,2.4686914135733,0.677703523693803,0.322296476306197,0.368013365735115,0.631986634264885
301,4162,0,2129,4463,2129,2430,4162,6592,2.47169103862017,0.677032766990291,0.322967233009709,0.368628640776699,0.631371359223301
301,4163,0,2136,4464,2136,2437,4163,6600,2.47469066366704,0.676363636363636,0.323636363636364,0.369242424242424,0.630757575757576
301,4164,0,2143,4465,2143,2444,4164,6608,2.47769028871391,0.67569612590799,0.32430387409201,0.369854721549637,0.630145278450363
301,4166,0,2149,4467,2149,2450,4166,6616,2.48068991376078,0.675181378476421,0.324818621523579,0.370314389359129,0.629685610640871
301,4168,0,2155,4469,2155,2456,4168,6624,2.48368953880765,0.674667874396135,0.325332125603865,0.370772946859903,0.629227053140097
301,4170,0,2161,4471,2161,2462,4170,6632,2.48668916385452,0.674155609167672,0.325844390832328,0.371230398069964,0.628769601930036
301,4172,0,2167,4473,2167,2468,4172,6640,2.48968878890139,0.673644578313253,0.326355421686747,0.371686746987952,0.628313253012048
301,4175,0,2172,4476,2172,2473,4175,6648,2.49268841394826,0.673285198555957,0.326714801444043,0.371991576413959,0.628008423586041
301,4177,0,2178,4478,2178,2479,4177,6656,2.49568803899513,0.672776442307692,0.327223557692308,0.372445913461538,0.627554086538462
301,4180,0,2183,4481,2183,2484,4180,6664,2.49868766404199,0.672418967587035,0.327581032412965,0.372749099639856,0.627250900360144
301,4183,0,2188,4484,2188,2489,4183,6672,2.50168728908886,0.672062350119904,0.327937649880096,0.373051558752998,0.626948441247002
301,4186,0,2193,4487,2193,2494,4186,6680,2.50468691413573,0.671706586826347,0.328293413173653,0.373353293413174,0.626646706586826
301,4187,0,2200,4488,2200,2501,4187,6688,2.5076865391826,0.671052631578947,0.328947368421053,0.373953349282297,0.626046650717703
301,4190,0,2205,4491,2205,2506,4190,6696,2.51068616422947,0.670698924731183,0.329301075268817,0.374253285543608,0.625746714456392
301,4191,0,2212,4492,2212,2513,4191,6704,2.51368578927634,0.670047732696897,0.329952267303103,0.374850835322196,0.625149164677804
301,4192,0,2219,4493,2219,2520,4192,6712,2.51668541432321,0.669398092967819,0.330601907032181,0.375446960667461,0.624553039332539
301,4193,0,2226,4494,2226,2527,4193,6720,2.51968503937008,0.66875,0.33125,0.376041666666667,0.623958333333333
301,4194,0,2233,4495,2233,2534,4194,6728,2.52268466441695,0.668103448275862,0.331896551724138,0.376634958382878,0.623365041617122
301,4195,0,2240,4496,2240,2541,4195,6736,2.52568428946382,0.667458432304038,0.332541567695962,0.377226840855107,0.622773159144893
301,4196,0,2247,4497,2247,2548,4196,6744,2.52868391451069,0.666814946619217,0.333185053380783,0.377817319098458,0.622182680901542
301,4197,0,2254,4498,2254,2555,4197,6752,2.53168353955756,0.66617298578199,0.333827014218009,0.378406398104265,0.621593601895735
301,4198,0,2261,4499,2261,2562,4198,6760,2.53468316460442,0.665532544378698,0.334467455621302,0.378994082840237,0.621005917159763
301,4199,0,2268,4500,2268,2569,4199,6768,2.53768278965129,0.664893617021277,0.335106382978723,0.379580378250591,0.620419621749409
301,4200,0,2275,4501,2275,2576,4200,6776,2.54068241469816,0.664256198347107,0.335743801652893,0.380165289256198,0.619834710743802
301,4201,0,2282,4502,2282,2583,4201,6784,2.54368203974503,0.663620283018868,0.336379716981132,0.380748820754717,0.619251179245283
301,4202,0,2289,4503,2289,2590,4202,6792,2.5466816647919,0.662985865724382,0.337014134275618,0.38133097762073,0.61866902237927
301,4203,0,2296,4504,2296,2597,4203,6800,2.54968128983877,0.662352941176471,0.337647058823529,0.381911764705882,0.618088235294118
301,4204,0,2303,4505,2303,2604,4204,6808,2.55268091488564,0.661721504112809,0.338278495887192,0.382491186839013,0.617508813160987
301,4205,0,2310,4506,2310,2611,4205,6816,2.55568053993251,0.661091549295775,0.338908450704225,0.383069248826291,0.616930751173709
301,4206,0,2317,4507,2317,2618,4206,6824,2.55868016497938,0.66046307151231,0.339536928487691,0.383645955451348,0.616354044548652
303,4207,0,2322,4510,2322,2625,4207,6832,2.56167979002625,0.660128805620609,0.339871194379391,0.38422131147541,0.61577868852459
304,4207,0,2329,4511,2329,2633,4207,6840,2.56467941507312,0.659502923976608,0.340497076023392,0.384941520467836,0.615058479532164
304,4208,0,2336,4512,2336,2640,4208,6848,2.56767904011999,0.658878504672897,0.341121495327103,0.385514018691589,0.614485981308411
304,4209,0,2343,4513,2343,2647,4209,6856,2.57067866516685,0.658255542590432,0.341744457409568,0.386085180863477,0.613914819136523
304,4211,0,2349,4515,2349,2653,4211,6864,2.57367829021372,0.65777972027972,0.34222027972028,0.386509324009324,0.613490675990676
304,4213,0,2355,4517,2355,2659,4213,6872,2.57667791526059,0.657305005820722,0.342694994179278,0.386932479627474,0.613067520372526
304,4215,0,2361,4519,2361,2665,4215,6880,2.57967754030746,0.656831395348837,0.343168604651163,0.387354651162791,0.612645348837209
311,4216,0,2361,4527,2361,2672,4216,6888,2.58267716535433,0.657229965156794,0.342770034843206,0.387921022067364,0.612078977932636
316,4216,0,2364,4532,2364,2680,4216,6896,2.5856767904012,0.657192575406032,0.342807424593968,0.388631090487239,0.611368909512761
316,4218,0,2370,4534,2370,2686,4218,6904,2.58867641544807,0.656720741599073,0.343279258400927,0.389049826187717,0.610950173812283
316,4220,0,2376,4536,2376,2692,4220,6912,2.59167604049494,0.65625,0.34375,0.389467592592593,0.610532407407407
316,4222,0,2382,4538,2382,2698,4222,6920,2.59467566554181,0.655780346820809,0.344219653179191,0.389884393063584,0.610115606936416
316,4224,0,2388,4540,2388,2704,4224,6928,2.59767529058868,0.655311778290993,0.344688221709007,0.390300230946882,0.609699769053118
319,4226,0,2391,4545,2391,2710,4226,6936,2.60067491563555,0.655276816608997,0.344723183391003,0.390715109573241,0.609284890426759
327,4226,0,2391,4553,2391,2718,4226,6944,2.60367454068241,0.655673963133641,0.344326036866359,0.391417050691244,0.608582949308756
335,4226,0,2391,4561,2391,2726,4226,6952,2.60667416572928,0.656070195627158,0.343929804372842,0.392117376294591,0.607882623705408
343,4226,0,2391,4569,2391,2734,4226,6960,2.60967379077615,0.656465517241379,0.343534482758621,0.392816091954023,0.607183908045977
351,4226,0,2391,4577,2391,2742,4226,6968,2.61267341582302,0.656859931113662,0.343140068886338,0.393513203214696,0.606486796785304
354,4226,0,2396,4580,2396,2750,4226,6976,2.61567304086989,0.656536697247706,0.343463302752294,0.39420871559633,0.60579128440367
354,4227,0,2403,4581,2403,2757,4227,6984,2.61867266591676,0.655927835051546,0.344072164948454,0.394759450171821,0.605240549828179
354,4228,0,2410,4582,2410,2764,4228,6992,2.62167229096363,0.655320366132723,0.344679633867277,0.395308924485126,0.604691075514874
354,4229,0,2417,4583,2417,2771,4229,7000,2.6246719160105,0.654714285714286,0.345285714285714,0.395857142857143,0.604142857142857
354,4230,0,2424,4584,2424,2778,4230,7008,2.62767154105737,0.654109589041096,0.345890410958904,0.396404109589041,0.603595890410959
354,4231,0,2431,4585,2431,2785,4231,7016,2.63067116610424,0.653506271379704,0.346493728620296,0.396949828962372,0.603050171037628
354,4232,0,2438,4586,2438,2792,4232,7024,2.63367079115111,0.652904328018223,0.347095671981777,0.39749430523918,0.60250569476082
354,4233,0,2445,4587,2445,2799,4233,7032,2.63667041619798,0.652303754266212,0.347696245733788,0.398037542662116,0.601962457337884
354,4234,0,2452,4588,2452,2806,4234,7040,2.63967004124484,0.651704545454545,0.348295454545455,0.398579545454545,0.601420454545455
354,4235,0,2459,4589,2459,2813,4235,7048,2.64266966629171,0.651106696935301,0.348893303064699,0.399120317820658,0.600879682179342
354,4236,0,2466,4590,2466,2820,4236,7056,2.64566929133858,0.650510204081633,0.349489795918367,0.399659863945578,0.600340136054422
354,4237,0,2473,4591,2473,2827,4237,7064,2.64866891638545,0.649915062287656,0.350084937712344,0.40019818799547,0.59980181200453
354,4238,0,2480,4592,2480,2834,4238,7072,2.65166854143232,0.649321266968326,0.350678733031674,0.400735294117647,0.599264705882353
354,4239,0,2487,4593,2487,2841,4239,7080,2.65466816647919,0.648728813559322,0.351271186440678,0.401271186440678,0.598728813559322
354,4240,0,2494,4594,2494,2848,4240,7088,2.65766779152606,0.64813769751693,0.35186230248307,0.401805869074492,0.598194130925508
354,4241,0,2501,4595,2501,2855,4241,7096,2.66066741657293,0.647547914317926,0.352452085682074,0.402339346110485,0.597660653889515
354,4242,0,2508,4596,2508,2862,4242,7104,2.6636670416198,0.646959459459459,0.353040540540541,0.402871621621622,0.597128378378378
354,4243,0,2515,4597,2515,2869,4243,7112,2.66666666666667,0.646372328458943,0.353627671541057,0.403402699662542,0.596597300337458
354,4244,0,2522,4598,2522,2876,4244,7120,2.66966629171354,0.645786516853933,0.354213483146067,0.403932584269663,0.596067415730337
354,4245,0,2529,4599,2529,2883,4245,7128,2.6726659167604,0.64520202020202,0.35479797979798,0.404461279461279,0.595538720538721
354,4246,0,2536,4600,2536,2890,4246,7136,2.67566554180727,0.644618834080718,0.355381165919283,0.404988789237668,0.595011210762332
354,4247,0,2543,4601,2543,2897,4247,7144,2.67866516685414,0.644036954087346,0.355963045912654,0.405515117581187,0.594484882418813
354,4248,0,2550,4602,2550,2904,4248,7152,2.68166479190101,0.643456375838926,0.356543624161074,0.406040268456376,0.593959731543624
354,4249,0,2557,4603,2557,2911,4249,7160,2.68466441694788,0.642877094972067,0.357122905027933,0.406564245810056,0.593435754189944
354,4250,0,2564,4604,2564,2918,4250,7168,2.68766404199475,0.642299107142857,0.357700892857143,0.407087053571429,0.592912946428571
354,4251,0,2571,4605,2571,2925,4251,7176,2.69066366704162,0.641722408026756,0.358277591973244,0.407608695652174,0.592391304347826
354,4252,0,2578,4606,2578,2932,4252,7184,2.69366329208849,0.641146993318486,0.358853006681514,0.408129175946548,0.591870824053452
354,4253,0,2585,4607,2585,2939,4253,7192,2.69666291713536,0.640572858731924,0.359427141268076,0.408648498331479,0.591351501668521
354,4255,0,2591,4609,2591,2945,4255,7200,2.69966254218223,0.640138888888889,0.359861111111111,0.409027777777778,0.590972222222222
354,4257,0,2597,4611,2597,2951,4257,7208,2.7026621672291,0.639705882352941,0.360294117647059,0.409406215316315,0.590593784683685
354,4259,0,2603,4613,2603,2957,4259,7216,2.70566179227597,0.639273835920177,0.360726164079823,0.409783813747228,0.590216186252772
354,4260,0,2610,4614,2610,2964,4260,7224,2.70866141732283,0.638704318936877,0.361295681063123,0.410299003322259,0.589700996677741
354,4261,0,2617,4615,2617,2971,4261,7232,2.7116610423697,0.638136061946903,0.361863938053097,0.410813053097345,0.589186946902655
354,4262,0,2624,4616,2624,2978,4262,7240,2.71466066741657,0.637569060773481,0.362430939226519,0.411325966850829,0.588674033149171
354,4263,0,2631,4617,2631,2985,4263,7248,2.71766029246344,0.637003311258278,0.362996688741722,0.411837748344371,0.588162251655629
354,4264,0,2638,4618,2638,2992,4264,7256,2.72065991751031,0.636438809261301,0.363561190738699,0.412348401323043,0.587651598676957
354,4266,0,2644,4620,2644,2998,4266,7264,2.72365954255718,0.636013215859031,0.363986784140969,0.412720264317181,0.587279735682819
354,4267,0,2651,4621,2651,3005,4267,7272,2.72665916760405,0.63545104510451,0.36454895489549,0.413228822882288,0.586771177117712
354,4268,0,2658,4622,2658,3012,4268,7280,2.72965879265092,0.63489010989011,0.36510989010989,0.413736263736264,0.586263736263736
354,4269,0,2665,4623,2665,3019,4269,7288,2.73265841769779,0.634330406147091,0.365669593852909,0.414242590559824,0.585757409440176
354,4270,0,2672,4624,2672,3026,4270,7296,2.73565804274466,0.633771929824561,0.366228070175439,0.414747807017544,0.585252192982456
354,4271,0,2679,4625,2679,3033,4271,7304,2.73865766779153,0.633214676889376,0.366785323110624,0.415251916757941,0.584748083242059
354,4272,0,2686,4626,2686,3040,4272,7312,2.7416572928384,0.632658643326039,0.367341356673961,0.415754923413567,0.584245076586433
354,4273,0,2693,4627,2693,3047,4273,7320,2.74465691788526,0.632103825136612,0.367896174863388,0.416256830601093,0.583743169398907
355,4274,0,2699,4629,2699,3054,4274,7328,2.74765654293213,0.631686681222707,0.368313318777293,0.416757641921397,0.583242358078603
362,4274,0,2700,4636,2700,3062,4274,7336,2.750656167979,0.631952017448201,0.368047982551799,0.417393675027263,0.582606324972737
370,4274,0,2700,4644,2700,3070,4274,7344,2.75365579302587,0.632352941176471,0.367647058823529,0.418028322440087,0.581971677559913
378,4274,0,2700,4652,2700,3078,4274,7352,2.75665541807274,0.632752992383025,0.367247007616975,0.418661588683351,0.581338411316649
381,4275,0,2704,4656,2704,3085,4275,7360,2.75965504311961,0.632608695652174,0.367391304347826,0.419157608695652,0.580842391304348
381,4277,0,2710,4658,2710,3091,4277,7368,2.76265466816648,0.632193268186753,0.367806731813246,0.419516829533116,0.580483170466884
381,4279,0,2716,4660,2716,3097,4279,7376,2.76565429321335,0.63177874186551,0.36822125813449,0.419875271149675,0.580124728850325
381,4281,0,2722,4662,2722,3103,4281,7384,2.76865391826022,0.63136511375948,0.36863488624052,0.420232936078006,0.579767063921994
381,4283,0,2728,4664,2728,3109,4283,7392,2.77165354330709,0.630952380952381,0.369047619047619,0.420589826839827,0.579410173160173
381,4285,0,2734,4666,2734,3115,4285,7400,2.77465316835396,0.630540540540541,0.369459459459459,0.420945945945946,0.579054054054054
381,4287,0,2740,4668,2740,3121,4287,7408,2.77765279340082,0.630129589632829,0.369870410367171,0.421301295896328,0.578698704103672
384,4288,0,2744,4672,2744,3128,4288,7416,2.78065241844769,0.629989212513484,0.370010787486516,0.421790722761597,0.578209277238403
392,4288,0,2744,4680,2744,3136,4288,7424,2.78365204349456,0.630387931034483,0.369612068965517,0.422413793103448,0.577586206896552
400,4288,0,2744,4688,2744,3144,4288,7432,2.78665166854143,0.630785791173305,0.369214208826695,0.423035522066738,0.576964477933262
408,4288,0,2744,4696,2744,3152,4288,7440,2.7896512935883,0.631182795698925,0.368817204301075,0.423655913978495,0.576344086021505
409,4289,0,2750,4698,2750,3159,4289,7448,2.79265091863517,0.630773361976369,0.36922663802363,0.424140708915145,0.575859291084855
409,4290,0,2757,4699,2757,3166,4290,7456,2.79565054368204,0.630230686695279,0.369769313304721,0.424624463519313,0.575375536480687
409,4291,0,2764,4700,2764,3173,4291,7464,2.79865016872891,0.629689174705252,0.370310825294748,0.42510718113612,0.57489281886388
409,4292,0,2771,4701,2771,3180,4292,7472,2.80164979377578,0.629148822269807,0.370851177730193,0.42558886509636,0.57441113490364
409,4293,0,2778,4702,2778,3187,4293,7480,2.80464941882265,0.628609625668449,0.371390374331551,0.426069518716578,0.573930481283423
409,4294,0,2785,4703,2785,3194,4294,7488,2.80764904386952,0.628071581196581,0.371928418803419,0.426549145299145,0.573450854700855
409,4295,0,2792,4704,2792,3201,4295,7496,2.81064866891639,0.627534685165422,0.372465314834578,0.427027748132337,0.572972251867663
409,4296,0,2799,4705,2799,3208,4296,7504,2.81364829396325,0.626998933901919,0.373001066098081,0.427505330490405,0.572494669509595
409,4297,0,2806,4706,2806,3215,4297,7512,2.81664791901012,0.626464323748669,0.373535676251331,0.427981895633653,0.572018104366347
409,4298,0,2813,4707,2813,3222,4298,7520,2.81964754405699,0.62593085106383,0.37406914893617,0.428457446808511,0.571542553191489
409,4299,0,2820,4708,2820,3229,4299,7528,2.82264716910386,0.625398512221041,0.374601487778959,0.428931987247609,0.571068012752391
409,4301,0,2826,4710,2826,3235,4301,7536,2.82564679415073,0.625,0.375,0.429272823779193,0.570727176220807
409,4303,0,2832,4712,2832,3241,4303,7544,2.8286464191976,0.624602332979852,0.375397667020148,0.429612937433722,0.570387062566278
409,4305,0,2838,4714,2838,3247,4305,7552,2.83164604424447,0.624205508474576,0.375794491525424,0.429952330508475,0.570047669491525
409,4307,0,2844,4716,2844,3253,4307,7560,2.83464566929134,0.623809523809524,0.376190476190476,0.430291005291005,0.569708994708995
414,4308,0,2846,4722,2846,3260,4308,7568,2.83764529433821,0.623942917547569,0.376057082452431,0.430761099365751,0.569238900634249
422,4308,0,2846,4730,2846,3268,4308,7576,2.84064491938508,0.624340021119324,0.375659978880676,0.431362196409715,0.568637803590285
422,4309,0,2853,4731,2853,3275,4309,7584,2.84364454443195,0.623813291139241,0.37618670886076,0.431830168776371,0.568169831223629
430,4309,0,2853,4739,2853,3283,4309,7592,2.84664416947881,0.624209694415174,0.375790305584826,0.432428872497366,0.567571127502634
435,4309,0,2856,4744,2856,3291,4309,7600,2.84964379452568,0.624210526315789,0.375789473684211,0.433026315789474,0.566973684210526
443,4309,0,2856,4752,2856,3299,4309,7608,2.85264341957255,0.624605678233438,0.375394321766562,0.433622502628812,0.566377497371188
449,4309,0,2858,4758,2858,3307,4309,7616,2.85564304461942,0.624737394957983,0.375262605042017,0.43421743697479,0.56578256302521
457,4309,0,2858,4766,2858,3315,4309,7624,2.85864266966629,0.625131164742917,0.374868835257083,0.434811122770199,0.565188877229801
465,4309,0,2858,4774,2858,3323,4309,7632,2.86164229471316,0.625524109014675,0.374475890985325,0.4354035639413,0.5645964360587
473,4309,0,2858,4782,2858,3331,4309,7640,2.86464191976003,0.625916230366492,0.374083769633508,0.435994764397906,0.564005235602094
481,4309,0,2858,4790,2858,3339,4309,7648,2.8676415448069,0.626307531380753,0.373692468619247,0.436584728033473,0.563415271966527
489,4309,0,2858,4798,2858,3347,4309,7656,2.87064116985377,0.626698014629049,0.373301985370951,0.437173458725183,0.562826541274817
497,4309,0,2858,4806,2858,3355,4309,7664,2.87364079490064,0.627087682672234,0.372912317327766,0.437760960334029,0.562239039665971
505,4309,0,2858,4814,2858,3363,4309,7672,2.87664041994751,0.62747653806048,0.37252346193952,0.438347236704901,0.561652763295099
513,4309,0,2858,4822,2858,3371,4309,7680,2.87964004499438,0.627864583333333,0.372135416666667,0.438932291666667,0.561067708333333
521,4309,0,2858,4830,2858,3379,4309,7688,2.88263967004124,0.628251821019771,0.371748178980229,0.439516129032258,0.560483870967742
529,4309,0,2858,4838,2858,3387,4309,7696,2.88563929508811,0.628638253638254,0.371361746361746,0.440098752598753,0.559901247401247
537,4309,0,2858,4846,2858,3395,4309,7704,2.88863892013498,0.629023883696781,0.370976116303219,0.440680166147456,0.559319833852544
545,4309,0,2858,4854,2858,3403,4309,7712,2.89163854518185,0.629408713692946,0.370591286307054,0.441260373443983,0.558739626556017
553,4309,0,2858,4862,2858,3411,4309,7720,2.89463817022872,0.62979274611399,0.37020725388601,0.441839378238342,0.558160621761658
561,4309,0,2858,4870,2858,3419,4309,7728,2.89763779527559,0.630175983436853,0.369824016563147,0.44241718426501,0.55758281573499
569,4309,0,2858,4878,2858,3427,4309,7736,2.90063742032246,0.630558428128232,0.369441571871768,0.44299379524302,0.55700620475698
577,4309,0,2858,4886,2858,3435,4309,7744,2.90363704536933,0.630940082644628,0.369059917355372,0.443569214876033,0.556430785123967
585,4309,0,2858,4894,2858,3443,4309,7752,2.9066366704162,0.631320949432405,0.368679050567595,0.444143446852425,0.555856553147575
593,4309,0,2858,4902,2858,3451,4309,7760,2.90963629546307,0.631701030927835,0.368298969072165,0.444716494845361,0.555283505154639
601,4309,0,2858,4910,2858,3459,4309,7768,2.91263592050994,0.632080329557158,0.367919670442842,0.445288362512873,0.554711637487127
609,4309,0,2858,4918,2858,3467,4309,7776,2.91563554555681,0.632458847736626,0.367541152263374,0.445859053497942,0.554140946502058
617,4309,0,2858,4926,2858,3475,4309,7784,2.91863517060367,0.632836587872559,0.367163412127441,0.446428571428571,0.553571428571429
625,4309,0,2858,4934,2858,3483,4309,7792,2.92163479565054,0.633213552361396,0.366786447638604,0.446996919917865,0.553003080082136
633,4309,0,2858,4942,2858,3491,4309,7800,2.92463442069741,0.633589743589744,0.366410256410256,0.447564102564103,0.552435897435897
641,4309,0,2858,4950,2858,3499,4309,7808,2.92763404574428,0.633965163934426,0.366034836065574,0.44813012295082,0.55186987704918
649,4309,0,2858,4958,2858,3507,4309,7816,2.93063367079115,0.634339815762538,0.365660184237462,0.448694984646878,0.551305015353122
657,4309,0,2858,4966,2858,3515,4309,7824,2.93363329583802,0.634713701431493,0.365286298568507,0.449258691206544,0.550741308793456
665,4309,0,2858,4974,2858,3523,4309,7832,2.93663292088489,0.635086823289071,0.36491317671093,0.449821246169561,0.550178753830439
673,4309,0,2858,4982,2858,3531,4309,7840,2.93963254593176,0.635459183673469,0.364540816326531,0.450382653061224,0.549617346938776
681,4309,0,2858,4990,2858,3539,4309,7848,2.94263217097863,0.635830784913354,0.364169215086646,0.450942915392457,0.549057084607543
689,4309,0,2858,4998,2858,3547,4309,7856,2.9456317960255,0.636201629327902,0.363798370672098,0.451502036659878,0.548497963340122
697,4309,0,2858,5006,2858,3555,4309,7864,2.94863142107237,0.636571719226857,0.363428280773143,0.45206002034588,0.54793997965412
705,4309,0,2858,5014,2858,3563,4309,7872,2.95163104611924,0.636941056910569,0.363058943089431,0.452616869918699,0.547383130081301
705,4311,0,2864,5016,2864,3569,4311,7880,2.9546306711661,0.636548223350254,0.363451776649746,0.452918781725888,0.547081218274112
705,4313,0,2870,5018,2870,3575,4313,7888,2.95763029621297,0.636156186612576,0.363843813387424,0.453220081135903,0.546779918864097
705,4315,0,2876,5020,2876,3581,4315,7896,2.96062992125984,0.635764944275583,0.364235055724417,0.453520770010132,0.546479229989868
705,4317,0,2882,5022,2882,3587,4317,7904,2.96362954630671,0.635374493927126,0.364625506072874,0.453820850202429,0.546179149797571
705,4319,0,2888,5024,2888,3593,4319,7912,2.96662917135358,0.634984833164813,0.365015166835187,0.454120323559151,0.545879676440849
705,4320,0,2895,5025,2895,3600,4320,7920,2.96962879640045,0.634469696969697,0.365530303030303,0.454545454545455,0.545454545454545
705,4321,0,2902,5026,2902,3607,4321,7928,2.97262842144732,0.633955600403633,0.366044399596367,0.454969727547931,0.545030272452069
705,4322,0,2909,5027,2909,3614,4322,7936,2.97562804649419,0.633442540322581,0.366557459677419,0.45539314516129,0.54460685483871
705,4323,0,2916,5028,2916,3621,4323,7944,2.97862767154106,0.632930513595166,0.367069486404834,0.455815709969789,0.544184290030212
705,4324,0,2923,5029,2923,3628,4324,7952,2.98162729658793,0.632419517102616,0.367580482897384,0.456237424547284,0.543762575452716
705,4325,0,2930,5030,2930,3635,4325,7960,2.9846269216348,0.631909547738693,0.368090452261307,0.456658291457286,0.543341708542714
705,4326,0,2937,5031,2937,3642,4326,7968,2.98762654668166,0.631400602409639,0.368599397590361,0.457078313253012,0.542921686746988
705,4327,0,2944,5032,2944,3649,4327,7976,2.99062617172853,0.630892678034102,0.369107321965898,0.457497492477432,0.542502507522568
705,4328,0,2951,5033,2951,3656,4328,7984,2.9936257967754,0.630385771543086,0.369614228456914,0.457915831663327,0.542084168336673
705,4329,0,2958,5034,2958,3663,4329,7992,2.99662542182227,0.62987987987988,0.37012012012012,0.458333333333333,0.541666666666667
713,4329,0,2958,5042,2958,3671,4329,8000,2.99962504686914,0.63025,0.36975,0.458875,0.541125
718,4329,0,2961,5047,2961,3679,4329,8008,3.00262467191601,0.630244755244755,0.369755244755245,0.459415584415584,0.540584415584416
718,4331,0,2967,5049,2967,3685,4331,8016,3.00562429696288,0.629865269461078,0.370134730538922,0.459705588822355,0.540294411177645
718,4332,0,2974,5050,2974,3692,4332,8024,3.00862392200975,0.629361914257228,0.370638085742772,0.46011964107677,0.53988035892323
724,4332,0,2976,5056,2976,3700,4332,8032,3.01162354705662,0.629482071713147,0.370517928286853,0.460657370517928,0.539342629482072
732,4332,0,2976,5064,2976,3708,4332,8040,3.01462317210349,0.629850746268657,0.370149253731343,0.461194029850746,0.538805970149254
740,4332,0,2976,5072,2976,3716,4332,8048,3.01762279715036,0.630218687872763,0.369781312127237,0.461729622266402,0.538270377733598
748,4332,0,2976,5080,2976,3724,4332,8056,3.02062242219723,0.630585898709037,0.369414101290963,0.462264150943396,0.537735849056604
756,4332,0,2976,5088,2976,3732,4332,8064,3.02362204724409,0.630952380952381,0.369047619047619,0.462797619047619,0.537202380952381
764,4332,0,2976,5096,2976,3740,4332,8072,3.02662167229096,0.631318136769078,0.368681863230922,0.463330029732408,0.536669970267592
772,4332,0,2976,5104,2976,3748,4332,8080,3.02962129733783,0.631683168316832,0.368316831683168,0.463861386138614,0.536138613861386
780,4332,0,2976,5112,2976,3756,4332,8088,3.0326209223847,0.632047477744807,0.367952522255193,0.464391691394659,0.535608308605341
788,4332,0,2976,5120,2976,3764,4332,8096,3.03562054743157,0.632411067193676,0.367588932806324,0.464920948616601,0.535079051383399
796,4332,0,2976,5128,2976,3772,4332,8104,3.03862017247844,0.632773938795656,0.367226061204344,0.465449160908193,0.534550839091807
804,4332,0,2976,5136,2976,3780,4332,8112,3.04161979752531,0.633136094674556,0.366863905325444,0.465976331360947,0.534023668639053
812,4332,0,2976,5144,2976,3788,4332,8120,3.04461942257218,0.633497536945813,0.366502463054187,0.466502463054187,0.533497536945813
820,4332,0,2976,5152,2976,3796,4332,8128,3.04761904761905,0.633858267716535,0.366141732283465,0.467027559055118,0.532972440944882
828,4332,0,2976,5160,2976,3804,4332,8136,3.05061867266592,0.634218289085546,0.365781710914454,0.467551622418879,0.532448377581121
836,4332,0,2976,5168,2976,3812,4332,8144,3.05361829771279,0.634577603143418,0.365422396856582,0.468074656188605,0.531925343811395
844,4332,0,2976,5176,2976,3820,4332,8152,3.05661792275966,0.634936211972522,0.365063788027478,0.468596663395486,0.531403336604514
852,4332,0,2976,5184,2976,3828,4332,8160,3.05961754780652,0.635294117647059,0.364705882352941,0.469117647058824,0.530882352941176
858,4332,0,2978,5190,2978,3836,4332,8168,3.06261717285339,0.635406464250735,0.364593535749265,0.469637610186092,0.530362389813908
858,4334,0,2984,5192,2984,3842,4334,8176,3.06561679790026,0.635029354207436,0.364970645792564,0.469911937377691,0.530088062622309
858,4336,0,2990,5194,2990,3848,4336,8184,3.06861642294713,0.634652981427175,0.365347018572825,0.470185728250244,0.529814271749756
858,4338,0,2996,5196,2996,3854,4338,8192,3.071616047994,0.63427734375,0.36572265625,0.470458984375,0.529541015625
858,4339,0,3003,5197,3003,3861,4339,8200,3.07461567304087,0.633780487804878,0.366219512195122,0.470853658536585,0.529146341463415
864,4339,0,3005,5203,3005,3869,4339,8208,3.07761529808774,0.633893762183236,0.366106237816764,0.471369395711501,0.528630604288499
872,4339,0,3005,5211,3005,3877,4339,8216,3.08061492313461,0.634250243427459,0.365749756572541,0.471884128529698,0.528115871470302
875,4341,0,3008,5216,3008,3883,4341,8224,3.08361454818148,0.634241245136187,0.365758754863813,0.4721546692607,0.5278453307393
875,4343,0,3014,5218,3014,3889,4343,8232,3.08661417322835,0.633867832847425,0.366132167152575,0.472424684159378,0.527575315840622
875,4345,0,3020,5220,3020,3895,4345,8240,3.08961379827522,0.633495145631068,0.366504854368932,0.472694174757282,0.527305825242718
875,4347,0,3026,5222,3026,3901,4347,8248,3.09261342332208,0.633123181377304,0.366876818622696,0.472963142580019,0.527036857419981
875,4349,0,3032,5224,3032,3907,4349,8256,3.09561304836895,0.632751937984496,0.367248062015504,0.473231589147287,0.526768410852713
875,4351,0,3038,5226,3038,3913,4351,8264,3.09861267341582,0.632381413359148,0.367618586640852,0.473499515972894,0.526500484027105
875,4353,0,3044,5228,3044,3919,4353,8272,3.10161229846269,0.632011605415861,0.367988394584139,0.473766924564797,0.526233075435203
882,4353,0,3045,5235,3045,3927,4353,8280,3.10461192350956,0.632246376811594,0.367753623188406,0.474275362318841,0.525724637681159
890,4353,0,3045,5243,3045,3935,4353,8288,3.10761154855643,0.632601351351351,0.367398648648649,0.474782818532819,0.525217181467181
898,4353,0,3045,5251,3045,3943,4353,8296,3.1106111736033,0.632955641272903,0.367044358727097,0.475289296046287,0.524710703953713
901,4354,0,3049,5255,3049,3950,4354,8304,3.11361079865017,0.632827552986513,0.367172447013488,0.475674373795761,0.524325626204239
901,4355,0,3056,5256,3056,3957,4355,8312,3.11661042369704,0.632338787295476,0.367661212704524,0.476058710298364,0.523941289701636
901,4356,0,3063,5257,3063,3964,4356,8320,3.11961004874391,0.631850961538462,0.368149038461538,0.476442307692308,0.523557692307692
901,4357,0,3070,5258,3070,3971,4357,8328,3.12260967379078,0.631364073006724,0.368635926993276,0.476825168107589,0.523174831892411
901,4358,0,3077,5259,3077,3978,4358,8336,3.12560929883765,0.630878119001919,0.369121880998081,0.477207293666027,0.522792706333973
901,4359,0,3084,5260,3084,3985,4359,8344,3.12860892388451,0.63039309683605,0.36960690316395,0.477588686481304,0.522411313518696
901,4360,0,3091,5261,3091,3992,4360,8352,3.13160854893138,0.629909003831418,0.370090996168582,0.477969348659004,0.522030651340996
901,4361,0,3098,5262,3098,3999,4361,8360,3.13460817397825,0.629425837320574,0.370574162679426,0.478349282296651,0.521650717703349
901,4362,0,3105,5263,3105,4006,4362,8368,3.13760779902512,0.628943594646271,0.371056405353728,0.478728489483748,0.521271510516252
901,4363,0,3112,5264,3112,4013,4363,8376,3.14060742407199,0.628462273161414,0.371537726838586,0.479106972301815,0.520893027698185
901,4364,0,3119,5265,3119,4020,4364,8384,3.14360704911886,0.627981870229008,0.372018129770992,0.479484732824428,0.520515267175573
901,4365,0,3126,5266,3126,4027,4365,8392,3.14660667416573,0.627502383222116,0.372497616777884,0.479861773117255,0.520138226882745
901,4366,0,3133,5267,3133,4034,4366,8400,3.1496062992126,0.62702380952381,0.37297619047619,0.480238095238095,0.519761904761905
901,4368,0,3139,5269,3139,4040,4368,8408,3.15260592425947,0.626665080875357,0.373334919124643,0.480494766888677,0.519505233111323
901,4371,0,3144,5272,3144,4045,4371,8416,3.15560554930634,0.626425855513308,0.373574144486692,0.480632129277567,0.519367870722434
901,4374,0,3149,5275,3149,4050,4374,8424,3.15860517435321,0.626187084520418,0.373812915479582,0.480769230769231,0.519230769230769
901,4377,0,3154,5278,3154,4055,4377,8432,3.16160479940008,0.625948766603416,0.374051233396584,0.480906072106262,0.519093927893738
901,4380,0,3159,5281,3159,4060,4380,8440,3.16460442444694,0.625710900473934,0.374289099526066,0.481042654028436,0.518957345971564
901,4382,0,3165,5283,3165,4066,4382,8448,3.16760404949381,0.625355113636364,0.374644886363636,0.481297348484849,0.518702651515151
908,4382,0,3166,5290,3166,4074,4382,8456,3.17060367454068,0.625591296121097,0.374408703878903,0.481788079470199,0.518211920529801
916,4382,0,3166,5298,3166,4082,4382,8464,3.17360329958755,0.625945179584121,0.374054820415879,0.482277882797732,0.517722117202268
917,4383,0,3172,5300,3172,4089,4383,8472,3.17660292463442,0.625590179414542,0.374409820585458,0.482648725212465,0.517351274787535
917,4384,0,3179,5301,3179,4096,4384,8480,3.17960254968129,0.625117924528302,0.374882075471698,0.483018867924528,0.516981132075472
917,4385,0,3186,5302,3186,4103,4385,8488,3.18260217472816,0.624646559849199,0.375353440150801,0.483388312912347,0.516611687087653
917,4386,0,3193,5303,3193,4110,4386,8496,3.18560179977503,0.624176082862524,0.375823917137476,0.483757062146893,0.516242937853107
917,4387,0,3200,5304,3200,4117,4387,8504,3.1886014248219,0.623706491063029,0.376293508936971,0.484125117591722,0.515874882408279
917,4388,0,3207,5305,3207,4124,4388,8512,3.19160104986877,0.623237781954887,0.376762218045113,0.484492481203008,0.515507518796993
917,4389,0,3214,5306,3214,4131,4389,8520,3.19460067491564,0.622769953051643,0.377230046948357,0.484859154929577,0.515140845070423
917,4390,0,3221,5307,3221,4138,4390,8528,3.1976002999625,0.622303001876173,0.377696998123827,0.485225140712946,0.514774859287054
923,4390,0,3223,5313,3223,4146,4390,8536,3.20059992500937,0.622422680412371,0.377577319587629,0.485707591377694,0.514292408622306
925,4391,0,3228,5316,3228,4153,4391,8544,3.20359955005624,0.622191011235955,0.377808988764045,0.486072097378277,0.513927902621723
931,4391,0,3230,5322,3230,4161,4391,8552,3.20659917510311,0.622310570626754,0.377689429373246,0.48655285313377,0.51344714686623
939,4391,0,3230,5330,3230,4169,4391,8560,3.20959880014998,0.622663551401869,0.377336448598131,0.487032710280374,0.512967289719626
941,4392,0,3235,5333,3235,4176,4392,8568,3.21259842519685,0.622432306255836,0.377567693744164,0.487394957983193,0.512605042016807
941,4393,0,3242,5334,3242,4183,4393,8576,3.21559805024372,0.62196828358209,0.37803171641791,0.487756529850746,0.512243470149254
941,4394,0,3249,5335,3249,4190,4394,8584,3.21859767529059,0.621505125815471,0.378494874184529,0.4881174277726,0.5118825722274
942,4395,0,3255,5337,3255,4197,4395,8592,3.22159730033746,0.621159217877095,0.378840782122905,0.488477653631285,0.511522346368715
942,4396,0,3262,5338,3262,4204,4396,8600,3.22459692538433,0.620697674418605,0.379302325581395,0.488837209302326,0.511162790697674
942,4397,0,3269,5339,3269,4211,4397,8608,3.2275965504312,0.620236988847584,0.379763011152416,0.489196096654275,0.510803903345725
950,4397,0,3269,5347,3269,4219,4397,8616,3.23059617547807,0.620589600742804,0.379410399257196,0.489670380687094,0.510329619312906
958,4397,0,3269,5355,3269,4227,4397,8624,3.23359580052493,0.620941558441558,0.379058441558442,0.490143784786642,0.509856215213358
966,4397,0,3269,5363,3269,4235,4397,8632,3.2365954255718,0.621292863762743,0.378707136237257,0.490616311399444,0.509383688600556
974,4397,0,3269,5371,3269,4243,4397,8640,3.23959505061867,0.621643518518519,0.378356481481481,0.491087962962963,0.508912037037037
982,4397,0,3269,5379,3269,4251,4397,8648,3.24259467566554,0.621993524514339,0.378006475485661,0.491558741905643,0.508441258094357
990,4397,0,3269,5387,3269,4259,4397,8656,3.24559430071241,0.622342883548983,0.377657116451017,0.49202865064695,0.50797134935305
998,4397,0,3269,5395,3269,4267,4397,8664,3.24859392575928,0.622691597414589,0.377308402585411,0.492497691597415,0.507502308402585
1006,4397,0,3269,5403,3269,4275,4397,8672,3.25159355080615,0.623039667896679,0.376960332103321,0.492965867158672,0.507034132841328
1014,4397,0,3269,5411,3269,4283,4397,8680,3.25459317585302,0.623387096774194,0.376612903225806,0.493433179723502,0.506566820276498
1022,4397,0,3269,5419,3269,4291,4397,8688,3.25759280089989,0.623733885819521,0.376266114180479,0.493899631675875,0.506100368324125
1026,4398,0,3272,5424,3272,4298,4398,8696,3.26059242594676,0.623735050597976,0.376264949402024,0.4942502299908,0.5057497700092
1034,4398,0,3272,5432,3272,4306,4398,8704,3.26359205099363,0.624080882352941,0.375919117647059,0.494715073529412,0.505284926470588
1042,4398,0,3272,5440,3272,4314,4398,8712,3.26659167604049,0.624426078971534,0.375573921028466,0.495179063360882,0.504820936639118
1045,4400,0,3275,5445,3275,4320,4400,8720,3.26959130108736,0.624426605504587,0.375573394495413,0.495412844036697,0.504587155963303
1053,4400,0,3275,5453,3275,4328,4400,8728,3.27259092613423,0.624770852428964,0.375229147571036,0.495875343721357,0.504124656278643
1053,4402,0,3281,5455,3281,4334,4402,8736,3.2755905511811,0.624427655677656,0.375572344322344,0.496108058608059,0.503891941391941
1053,4404,0,3287,5457,3287,4340,4404,8744,3.27859017622797,0.624085086916743,0.375914913083257,0.496340347666972,0.503659652333028
1053,4406,0,3293,5459,3293,4346,4406,8752,3.28158980127484,0.623743144424132,0.376256855575868,0.496572212065814,0.503427787934187
1053,4408,0,3299,5461,3299,4352,4408,8760,3.28458942632171,0.623401826484018,0.376598173515982,0.496803652968037,0.503196347031963
1053,4410,0,3305,5463,3305,4358,4410,8768,3.28758905136858,0.623061131386861,0.376938868613139,0.497034671532847,0.502965328467153
1053,4412,0,3311,5465,3311,4364,4412,8776,3.29058867641545,0.622721057429353,0.377278942570647,0.497265268915223,0.502734731084777
1053,4414,0,3317,5467,3317,4370,4414,8784,3.29358830146232,0.62238160291439,0.37761839708561,0.497495446265938,0.502504553734062
1053,4416,0,3323,5469,3323,4376,4416,8792,3.29658792650919,0.622042766151046,0.377957233848954,0.497725204731574,0.502274795268426
1061,4416,0,3323,5477,3323,4384,4416,8800,3.29958755155606,0.622386363636364,0.377613636363636,0.498181818181818,0.501818181818182
1069,4416,0,3323,5485,3323,4392,4416,8808,3.30258717660292,0.622729336966394,0.377270663033606,0.498637602179836,0.501362397820163
1077,4416,0,3323,5493,3323,4400,4416,8816,3.30558680164979,0.62307168784029,0.37692831215971,0.499092558983666,0.500907441016334
1085,4416,0,3323,5501,3323,4408,4416,8824,3.30858642669666,0.623413417951043,0.376586582048957,0.499546690843155,0.500453309156845
1093,4416,0,3323,5509,3323,4416,4416,8832,3.31158605174353,0.623754528985507,0.376245471014493,0.5,0.5
1101,4416,0,3323,5517,3323,4424,4416,8840,3.3145856767904,0.624095022624434,0.375904977375566,0.500452488687783,0.499547511312217
1109,4416,0,3323,5525,3323,4432,4416,8848,3.31758530183727,0.624434900542496,0.375565099457505,0.500904159132007,0.499095840867993
1117,4416,0,3323,5533,3323,4440,4416,8856,3.32058492688414,0.624774164408311,0.375225835591689,0.501355013550135,0.498644986449864
1125,4416,0,3323,5541,3323,4448,4416,8864,3.32358455193101,0.625112815884477,0.374887184115523,0.501805054151625,0.498194945848375
1133,4416,0,3323,5549,3323,4456,4416,8872,3.32658417697788,0.625450856627592,0.374549143372408,0.502254283137962,0.497745716862038
1141,4416,0,3323,5557,3323,4464,4416,8880,3.32958380202475,0.625788288288288,0.374211711711712,0.502702702702703,0.497297297297297
1149,4416,0,3323,5565,3323,4472,4416,8888,3.33258342707162,0.626125112511251,0.373874887488749,0.503150315031503,0.496849684968497
1157,4416,0,3323,5573,3323,4480,4416,8896,3.33558305211849,0.626461330935252,0.373538669064748,0.503597122302158,0.496402877697842
1165,4416,0,3323,5581,3323,4488,4416,8904,3.33858267716535,0.626796945193172,0.373203054806828,0.504043126684636,0.495956873315364
1173,4416,0,3323,5589,3323,4496,4416,8912,3.34158230221222,0.627131956912029,0.372868043087971,0.504488330341113,0.495511669658887
1181,4416,0,3323,5597,3323,4504,4416,8920,3.34458192725909,0.627466367713004,0.372533632286996,0.504932735426009,0.495067264573991
1189,4416,0,3323,5605,3323,4512,4416,8928,3.34758155230596,0.62780017921147,0.37219982078853,0.505376344086022,0.494623655913979
1197,4416,0,3323,5613,3323,4520,4416,8936,3.35058117735283,0.62813339301701,0.37186660698299,0.505819158460161,0.494180841539839
1205,4416,0,3323,5621,3323,4528,4416,8944,3.3535808023997,0.628466010733453,0.371533989266547,0.506261180679785,0.493738819320215
1213,4416,0,3323,5629,3323,4536,4416,8952,3.35658042744657,0.628798033958892,0.371201966041108,0.506702412868633,0.493297587131367
1221,4416,0,3323,5637,3323,4544,4416,8960,3.35958005249344,0.629129464285714,0.370870535714286,0.507142857142857,0.492857142857143
1228,4416,0,3324,5644,3324,4552,4416,8968,3.36257967754031,0.629348795718109,0.370651204281891,0.507582515611062,0.492417484388938
1236,4416,0,3324,5652,3324,4560,4416,8976,3.36557930258718,0.629679144385027,0.370320855614973,0.508021390374332,0.491978609625668
1244,4416,0,3324,5660,3324,4568,4416,8984,3.36857892763405,0.630008904719501,0.369991095280499,0.508459483526269,0.491540516473731
1252,4416,0,3324,5668,3324,4576,4416,8992,3.37157855268091,0.630338078291815,0.369661921708185,0.508896797153025,0.491103202846975
1256,4416,0,3328,5672,3328,4584,4416,9000,3.37457817772778,0.630222222222222,0.369777777777778,0.509333333333333,0.490666666666667
1262,4417,0,3329,5679,3329,4591,4417,9008,3.37757780277465,0.630439609236234,0.369560390763766,0.509658081705151,0.490341918294849
1270,4417,0,3329,5687,3329,4599,4417,9016,3.38057742782152,0.630767524401065,0.369232475598935,0.510093167701863,0.489906832298137
1278,4417,0,3329,5695,3329,4607,4417,9024,3.38357705286839,0.631094858156028,0.368905141843972,0.510527482269504,0.489472517730496
1286,4417,0,3329,5703,3329,4615,4417,9032,3.38657667791526,0.631421612046059,0.368578387953942,0.510961027457927,0.489038972542073
1294,4417,0,3329,5711,3329,4623,4417,9040,3.38957630296213,0.631747787610619,0.368252212389381,0.511393805309735,0.488606194690266
1302,4417,0,3329,5719,3329,4631,4417,9048,3.392575928009,0.632073386383731,0.367926613616269,0.511825817860301,0.488174182139699
1310,4417,0,3329,5727,3329,4639,4417,9056,3.39557555305587,0.632398409893993,0.367601590106007,0.512257067137809,0.487742932862191
1318,4417,0,3329,5735,3329,4647,4417,9064,3.39857517810274,0.632722859664607,0.367277140335393,0.512687555163283,0.487312444836717
1326,4417,0,3329,5743,3329,4655,4417,9072,3.40157480314961,0.633046737213404,0.366953262786596,0.513117283950617,0.486882716049383
1326,4418,0,3336,5744,3336,4662,4418,9080,3.40457442819648,0.632599118942731,0.367400881057269,0.513436123348018,0.486563876651982
1326,4419,0,3343,5745,3343,4669,4419,9088,3.40757405324334,0.632152288732394,0.367847711267606,0.513754401408451,0.486245598591549
1326,4420,0,3350,5746,3350,4676,4420,9096,3.41057367829021,0.631706244503078,0.368293755496922,0.514072119613017,0.485927880386983
1326,4421,0,3357,5747,3357,4683,4421,9104,3.41357330333708,0.631260984182777,0.368739015817223,0.51438927943761,0.48561072056239
1326,4422,0,3364,5748,3364,4690,4422,9112,3.41657292838395,0.63081650570676,0.36918349429324,0.514705882352941,0.485294117647059
1326,4423,0,3371,5749,3371,4697,4423,9120,3.41957255343082,0.630372807017544,0.369627192982456,0.515021929824561,0.484978070175439
1326,4424,0,3378,5750,3378,4704,4424,9128,3.42257217847769,0.629929886064855,0.370070113935145,0.515337423312883,0.484662576687117
1334,4424,0,3378,5758,3378,4712,4424,9136,3.42557180352456,0.630253940455342,0.369746059544659,0.515761821366025,0.484238178633976
1334,4425,0,3385,5759,3385,4719,4425,9144,3.42857142857143,0.629811898512686,0.370188101487314,0.516076115485564,0.483923884514436
1334,4426,0,3392,5760,3392,4726,4426,9152,3.4315710536183,0.629370629370629,0.370629370629371,0.51638986013986,0.48361013986014
1342,4426,0,3392,5768,3392,4734,4426,9160,3.43457067866517,0.629694323144105,0.370305676855895,0.516812227074236,0.483187772925764
1342,4427,0,3399,5769,3399,4741,4427,9168,3.43757030371204,0.629253926701571,0.370746073298429,0.517124781849913,0.482875218150087
1342,4428,0,3406,5770,3406,4748,4428,9176,3.44056992875891,0.628814298169137,0.371185701830863,0.51743679163034,0.48256320836966
1342,4429,0,3413,5771,3413,4755,4429,9184,3.44356955380577,0.62837543554007,0.37162456445993,0.517748257839721,0.482251742160279
1342,4430,0,3420,5772,3420,4762,4430,9192,3.44656917885264,0.627937336814621,0.372062663185379,0.518059181897302,0.481940818102698
1342,4432,0,3426,5774,3426,4768,4432,9200,3.44956880389951,0.627608695652174,0.372391304347826,0.518260869565217,0.481739130434783
1350,4432,0,3426,5782,3426,4776,4432,9208,3.45256842894638,0.627932232841008,0.372067767158992,0.518679409209383,0.481320590790617
1358,4432,0,3426,5790,3426,4784,4432,9216,3.45556805399325,0.628255208333333,0.371744791666667,0.519097222222222,0.480902777777778
1366,4432,0,3426,5798,3426,4792,4432,9224,3.45856767904012,0.628577623590633,0.371422376409367,0.519514310494363,0.480485689505637
1374,4432,0,3426,5806,3426,4800,4432,9232,3.46156730408699,0.628899480069324,0.371100519930676,0.519930675909879,0.480069324090121
1382,4432,0,3426,5814,3426,4808,4432,9240,3.46456692913386,0.629220779220779,0.370779220779221,0.52034632034632,0.47965367965368
1390,4432,0,3426,5822,3426,4816,4432,9248,3.46756655418073,0.629541522491349,0.370458477508651,0.52076124567474,0.47923875432526
1398,4432,0,3426,5830,3426,4824,4432,9256,3.4705661792276,0.629861711322385,0.370138288677615,0.521175453759723,0.478824546240277
1406,4432,0,3426,5838,3426,4832,4432,9264,3.47356580427447,0.630181347150259,0.369818652849741,0.521588946459413,0.478411053540587
1414,4432,0,3426,5846,3426,4840,4432,9272,3.47656542932133,0.630500431406385,0.369499568593615,0.522001725625539,0.477998274374461
1422,4432,0,3426,5854,3426,4848,4432,9280,3.4795650543682,0.630818965517241,0.369181034482759,0.522413793103448,0.477586206896552
1430,4432,0,3426,5862,3426,4856,4432,9288,3.48256467941507,0.631136950904393,0.368863049095607,0.522825150732127,0.477174849267873
1438,4432,0,3426,5870,3426,4864,4432,9296,3.48556430446194,0.631454388984509,0.368545611015491,0.523235800344234,0.476764199655766
1446,4432,0,3426,5878,3426,4872,4432,9304,3.48856392950881,0.63177128116939,0.36822871883061,0.523645743766122,0.476354256233878
1454,4432,0,3426,5886,3426,4880,4432,9312,3.49156355455568,0.632087628865979,0.367912371134021,0.524054982817869,0.475945017182131
1462,4432,0,3426,5894,3426,4888,4432,9320,3.49456317960255,0.632403433476395,0.367596566523605,0.524463519313305,0.475536480686695
1470,4432,0,3426,5902,3426,4896,4432,9328,3.49756280464942,0.632718696397942,0.367281303602058,0.524871355060034,0.475128644939966
1478,4432,0,3426,5910,3426,4904,4432,9336,3.50056242969629,0.633033419023136,0.366966580976864,0.525278491859469,0.474721508140531
1486,4432,0,3426,5918,3426,4912,4432,9344,3.50356205474316,0.633347602739726,0.366652397260274,0.525684931506849,0.474315068493151
1486,4433,0,3433,5919,3433,4919,4433,9352,3.50656167979003,0.632912745936698,0.367087254063302,0.52598374679213,0.47401625320787
1486,4434,0,3440,5920,3440,4926,4434,9360,3.5095613048369,0.632478632478632,0.367521367521368,0.526282051282051,0.473717948717949
1486,4435,0,3447,5921,3447,4933,4435,9368,3.51256092988376,0.632045260461144,0.367954739538856,0.526579846285226,0.473420153714774
1486,4436,0,3454,5922,3454,4940,4436,9376,3.51556055493063,0.631612627986348,0.368387372013652,0.526877133105802,0.473122866894198
1486,4437,0,3461,5923,3461,4947,4437,9384,3.5185601799775,0.63118073316283,0.36881926683717,0.527173913043478,0.472826086956522
1487,4438,0,3467,5925,3467,4954,4438,9392,3.52155980502437,0.63085604770017,0.36914395229983,0.527470187393526,0.472529812606474
1495,4438,0,3467,5933,3467,4962,4438,9400,3.52455943007124,0.631170212765957,0.368829787234043,0.527872340425532,0.472127659574468
1503,4438,0,3467,5941,3467,4970,4438,9408,3.52755905511811,0.631483843537415,0.368516156462585,0.52827380952381,0.47172619047619
1511,4438,0,3467,5949,3467,4978,4438,9416,3.53055868016498,0.631796941376381,0.368203058623619,0.528674596431606,0.471325403568394
1519,4438,0,3467,5957,3467,4986,4438,9424,3.53355830521185,0.632109507640068,0.367890492359932,0.529074702886248,0.470925297113752
1527,4438,0,3467,5965,3467,4994,4438,9432,3.53655793025872,0.632421543681086,0.367578456318914,0.529474130619169,0.470525869380831
1535,4438,0,3467,5973,3467,5002,4438,9440,3.53955755530559,0.632733050847458,0.367266949152542,0.529872881355932,0.470127118644068
1543,4438,0,3467,5981,3467,5010,4438,9448,3.54255718035246,0.633044030482642,0.366955969517358,0.530270956816257,0.469729043183743
1547,4438,0,3471,5985,3471,5018,4438,9456,3.54555680539932,0.632931472081218,0.367068527918782,0.530668358714044,0.469331641285956
1547,4439,0,3478,5986,3478,5025,4439,9464,3.54855643044619,0.632502113271344,0.367497886728656,0.530959425190194,0.469040574809806
1547,4440,0,3485,5987,3485,5032,4440,9472,3.55155605549306,0.63207347972973,0.36792652027027,0.53125,0.46875
1547,4442,0,3491,5989,3491,5038,4442,9480,3.55455568053993,0.631751054852321,0.368248945147679,0.531434599156118,0.468565400843882
1547,4445,0,3496,5992,3496,5043,4445,9488,3.5575553055868,0.631534569983137,0.368465430016863,0.531513490725126,0.468486509274874
1547,4448,0,3501,5995,3501,5048,4448,9496,3.56055493063367,0.631318449873631,0.368681550126369,0.531592249368155,0.468407750631845
1547,4451,0,3506,5998,3506,5053,4451,9504,3.56355455568054,0.631102693602694,0.368897306397306,0.531670875420875,0.468329124579125
1547,4454,0,3511,6001,3511,5058,4454,9512,3.56655418072741,0.630887300252313,0.369112699747687,0.53174936921783,0.46825063078217
1550,4455,0,3515,6005,3515,5065,4455,9520,3.56955380577428,0.63077731092437,0.36922268907563,0.53203781512605,0.46796218487395
1558,4455,0,3515,6013,3515,5073,4455,9528,3.57255343082115,0.631087321578505,0.368912678421495,0.532430730478589,0.467569269521411
1566,4455,0,3515,6021,3515,5081,4455,9536,3.57555305586802,0.631396812080537,0.368603187919463,0.532822986577181,0.467177013422819
1574,4455,0,3515,6029,3515,5089,4455,9544,3.57855268091489,0.631705783738474,0.368294216261526,0.533214585079631,0.466785414920369
1582,4455,0,3515,6037,3515,5097,4455,9552,3.58155230596175,0.632014237855946,0.367985762144054,0.533605527638191,0.466394472361809
1590,4455,0,3515,6045,3515,5105,4455,9560,3.58455193100862,0.632322175732218,0.367677824267782,0.533995815899582,0.466004184100418
1598,4455,0,3515,6053,3515,5113,4455,9568,3.58755155605549,0.632629598662207,0.367370401337793,0.534385451505017,0.465614548494983
1606,4455,0,3515,6061,3515,5121,4455,9576,3.59055118110236,0.632936507936508,0.367063492063492,0.534774436090226,0.465225563909774
1614,4455,0,3515,6069,3515,5129,4455,9584,3.59355080614923,0.633242904841402,0.366757095158598,0.535162771285476,0.464837228714524
1622,4455,0,3515,6077,3515,5137,4455,9592,3.5965504311961,0.633548790658882,0.366451209341118,0.535550458715596,0.464449541284404
1630,4455,0,3515,6085,3515,5145,4455,9600,3.59955005624297,0.633854166666667,0.366145833333333,0.5359375,0.4640625
1637,4455,0,3516,6092,3516,5153,4455,9608,3.60254968128984,0.634054954204829,0.365945045795171,0.536323896752706,0.463676103247294
1637,4457,0,3522,6094,3522,5159,4457,9616,3.60554930633671,0.63373544093178,0.36626455906822,0.536501663893511,0.463498336106489
1637,4459,0,3528,6096,3528,5165,4459,9624,3.60854893138358,0.633416458852868,0.366583541147132,0.536679135494597,0.463320864505403
1637,4461,0,3534,6098,3534,5171,4461,9632,3.61154855643045,0.633098006644518,0.366901993355482,0.536856312292359,0.463143687707641
1643,4463,0,3534,6106,3534,5177,4463,9640,3.61454818147732,0.633402489626556,0.366597510373444,0.537033195020747,0.462966804979253
1647,4463,0,3538,6110,3538,5185,4463,9648,3.61754780652418,0.633291873963516,0.366708126036484,0.537417081260365,0.462582918739635
1647,4466,0,3543,6113,3543,5190,4466,9656,3.62054743157105,0.63307787903894,0.36692212096106,0.537489643744822,0.462510356255178
1650,4469,0,3545,6119,3545,5195,4469,9664,3.62354705661792,0.633174668874172,0.366825331125828,0.537562086092715,0.462437913907285
1658,4469,0,3545,6127,3545,5203,4469,9672,3.62654668166479,0.633478081058726,0.366521918941274,0.537944582299421,0.462055417700579
1666,4469,0,3545,6135,3545,5211,4469,9680,3.62954630671166,0.633780991735537,0.366219008264463,0.538326446280992,0.461673553719008
1674,4469,0,3545,6143,3545,5219,4469,9688,3.63254593175853,0.634083402146986,0.365916597853014,0.538707679603633,0.461292320396367
1682,4469,0,3545,6151,3545,5227,4469,9696,3.6355455568054,0.634385313531353,0.365614686468647,0.539088283828383,0.460911716171617
1690,4469,0,3545,6159,3545,5235,4469,9704,3.63854518185227,0.634686727122836,0.365313272877164,0.539468260511129,0.460531739488871
1698,4469,0,3545,6167,3545,5243,4469,9712,3.64154480689914,0.634987644151565,0.365012355848435,0.539847611202636,0.460152388797364
1706,4469,0,3545,6175,3545,5251,4469,9720,3.64454443194601,0.635288065843621,0.364711934156379,0.54022633744856,0.45977366255144
1714,4469,0,3545,6183,3545,5259,4469,9728,3.64754405699288,0.635587993421053,0.364412006578947,0.540604440789474,0.459395559210526
1722,4469,0,3545,6191,3545,5267,4469,9736,3.65054368203975,0.63588742810189,0.36411257189811,0.540981922760887,0.459018077239113
1730,4469,0,3545,6199,3545,5275,4469,9744,3.65354330708661,0.636186371100164,0.363813628899836,0.541358784893268,0.458641215106732
1738,4469,0,3545,6207,3545,5283,4469,9752,3.65654293213348,0.636484823625923,0.363515176374077,0.541735028712059,0.458264971287941
1746,4469,0,3545,6215,3545,5291,4469,9760,3.65954255718035,0.636782786885246,0.363217213114754,0.542110655737705,0.457889344262295
1754,4469,0,3545,6223,3545,5299,4469,9768,3.66254218222722,0.637080262080262,0.362919737919738,0.542485667485668,0.457514332514332
1762,4469,0,3545,6231,3545,5307,4469,9776,3.66554180727409,0.637377250409165,0.362622749590835,0.542860065466448,0.457139934533552
1770,4469,0,3545,6239,3545,5315,4469,9784,3.66854143232096,0.637673753066231,0.362326246933769,0.543233851185609,0.456766148814391
1778,4469,0,3545,6247,3545,5323,4469,9792,3.67154105736783,0.63796977124183,0.36203022875817,0.543607026143791,0.456392973856209
1786,4469,0,3545,6255,3545,5331,4469,9800,3.6745406824147,0.638265306122449,0.361734693877551,0.543979591836735,0.456020408163265
1794,4469,0,3545,6263,3545,5339,4469,9808,3.67754030746157,0.638560358890702,0.361439641109299,0.544351549755302,0.455648450244698
1800,4469,0,3547,6269,3547,5347,4469,9816,3.68053993250844,0.638651181744091,0.361348818255909,0.544722901385493,0.455277098614507
1800,4473,0,3551,6273,3551,5351,4473,9824,3.68353955755531,0.638538273615635,0.361461726384365,0.544686482084691,0.455313517915309
1800,4477,0,3555,6277,3555,5355,4477,9832,3.68653918260217,0.638425549227014,0.361574450772986,0.544650122050447,0.455349877949553
1800,4481,0,3559,6281,3559,5359,4481,9840,3.68953880764904,0.638313008130081,0.361686991869919,0.544613821138211,0.455386178861789
1800,4485,0,3563,6285,3563,5363,4485,9848,3.69253843269591,0.638200649878148,0.361799350121852,0.544577579203899,0.455422420796101
1800,4489,0,3567,6289,3567,5367,4489,9856,3.69553805774278,0.638088474025974,0.361911525974026,0.544541396103896,0.455458603896104
1800,4493,0,3571,6293,3571,5371,4493,9864,3.69853768278965,0.637976480129765,0.362023519870235,0.544505271695053,0.455494728304947
1800,4497,0,3575,6297,3575,5375,4497,9872,3.70153730783652,0.637864667747164,0.362135332252836,0.544469205834684,0.455530794165316
1800,4501,0,3579,6301,3579,5379,4501,9880,3.70453693288339,0.637753036437247,0.362246963562753,0.544433198380567,0.455566801619433
1800,4505,0,3583,6305,3583,5383,4505,9888,3.70753655793026,0.637641585760518,0.362358414239482,0.544397249190938,0.455602750809061
1800,4509,0,3587,6309,3587,5387,4509,9896,3.71053618297713,0.637530315278901,0.362469684721099,0.544361358124495,0.455638641875505
1800,4513,0,3591,6313,3591,5391,4513,9904,3.713535808024,0.637419224555735,0.362580775444265,0.544325525040388,0.455674474959612
1800,4517,0,3595,6317,3595,5395,4517,9912,3.71653543307087,0.637308313155771,0.362691686844229,0.544289749798224,0.455710250201776
1800,4521,0,3599,6321,3599,5399,4521,9920,3.71953505811774,0.637197580645161,0.362802419354839,0.544254032258065,0.455745967741935
1800,4525,0,3603,6325,3603,5403,4525,9928,3.7225346831646,0.637087026591459,0.362912973408542,0.544218372280419,0.455781627719581
1800,4529,0,3607,6329,3607,5407,4529,9936,3.72553430821147,0.636976650563607,0.363023349436393,0.544182769726248,0.455817230273752
1801,4532,0,3611,6333,3611,5412,4532,9944,3.72853393325834,0.636866452131939,0.363133547868061,0.544247787610619,0.455752212389381
1809,4532,0,3611,6341,3611,5420,4532,9952,3.73153355830521,0.637158360128617,0.362841639871383,0.544614147909968,0.455385852090032
1817,4532,0,3611,6349,3611,5428,4532,9960,3.73453318335208,0.637449799196787,0.362550200803213,0.544979919678715,0.455020080321285
1825,4532,0,3611,6357,3611,5436,4532,9968,3.73753280839895,0.63774077046549,0.36225922953451,0.545345104333868,0.454654895666132
1833,4532,0,3611,6365,3611,5444,4532,9976,3.74053243344582,0.638031275060144,0.361968724939856,0.545709703287891,0.454290296712109
1841,4532,0,3611,6373,3611,5452,4532,9984,3.74353205849269,0.638321314102564,0.361678685897436,0.546073717948718,0.453926282051282
1849,4532,0,3611,6381,3611,5460,4532,9992,3.74653168353956,0.638610888710969,0.361389111289031,0.546437149719776,0.453562850280224
1856,4532,0,3612,6388,3612,5468,4532,10000,3.74953130858643,0.6388,0.3612,0.5468,0.4532
1856,4536,0,3616,6392,3616,5472,4536,10008,3.7525309336333,0.638689048760991,0.361310951239009,0.546762589928058,0.453237410071942
1856,4540,0,3620,6396,3620,5476,4540,10016,3.75553055868017,0.638578274760383,0.361421725239617,0.546725239616613,0.453274760383387
1856,4544,0,3624,6400,3624,5480,4544,10024,3.75853018372703,0.638467677573823,0.361532322426177,0.546687948922586,0.453312051077414
1856,4548,0,3628,6404,3628,5484,4548,10032,3.7615298087739,0.638357256778309,0.361642743221691,0.546650717703349,0.453349282296651
1856,4552,0,3632,6408,3632,5488,4552,10040,3.76452943382077,0.638247011952191,0.361752988047809,0.546613545816733,0.453386454183267
1856,4556,0,3636,6412,3636,5492,4556,10048,3.76752905886764,0.638136942675159,0.361863057324841,0.546576433121019,0.453423566878981
1856,4560,0,3640,6416,3640,5496,4560,10056,3.77052868391451,0.638027048528242,0.361972951471758,0.54653937947494,0.45346062052506
1857,4564,0,3643,6421,3643,5500,4564,10064,3.77352830896138,0.638016693163752,0.361983306836248,0.546502384737679,0.453497615262321
1865,4564,0,3643,6429,3643,5508,4564,10072,3.77652793400825,0.63830420969023,0.36169579030977,0.546862589356632,0.453137410643368
1873,4564,0,3643,6437,3643,5516,4564,10080,3.77952755905512,0.63859126984127,0.36140873015873,0.547222222222222,0.452777777777778
1881,4564,0,3643,6445,3643,5524,4564,10088,3.78252718410199,0.638877874702617,0.361122125297383,0.547581284694687,0.452418715305313
1889,4564,0,3643,6453,3643,5532,4564,10096,3.78552680914886,0.639164025356577,0.360835974643423,0.547939778129952,0.452060221870048
1897,4564,0,3643,6461,3643,5540,4564,10104,3.78852643419573,0.639449722882027,0.360550277117973,0.548297703879652,0.451702296120348
1905,4564,0,3643,6469,3643,5548,4564,10112,3.79152605924259,0.63973496835443,0.36026503164557,0.548655063291139,0.451344936708861
1913,4564,0,3643,6477,3643,5556,4564,10120,3.79452568428946,0.64001976284585,0.35998023715415,0.54901185770751,0.45098814229249
1921,4564,0,3643,6485,3643,5564,4564,10128,3.79752530933633,0.64030410742496,0.359695892575039,0.549368088467615,0.450631911532385
1929,4564,0,3643,6493,3643,5572,4564,10136,3.8005249343832,0.640588003157064,0.359411996842936,0.549723756906077,0.450276243093923
1937,4564,0,3643,6501,3643,5580,4564,10144,3.80352455943007,0.640871451104101,0.359128548895899,0.550078864353312,0.449921135646688
1945,4564,0,3643,6509,3643,5588,4564,10152,3.80652418447694,0.641154452324665,0.358845547675335,0.55043341213554,0.44956658786446
1953,4564,0,3643,6517,3643,5596,4564,10160,3.80952380952381,0.641437007874016,0.358562992125984,0.550787401574803,0.449212598425197
1961,4564,0,3643,6525,3643,5604,4564,10168,3.81252343457068,0.641719118804091,0.358280881195909,0.551140833988985,0.448859166011015
1969,4564,0,3643,6533,3643,5612,4564,10176,3.81552305961755,0.642000786163522,0.357999213836478,0.551493710691824,0.448506289308176
1977,4564,0,3643,6541,3643,5620,4564,10184,3.81852268466442,0.642282010997643,0.357717989002357,0.55184603299293,0.44815396700707
1985,4564,0,3643,6549,3643,5628,4564,10192,3.82152230971129,0.642562794348509,0.357437205651491,0.552197802197802,0.447802197802198
1993,4564,0,3643,6557,3643,5636,4564,10200,3.82452193475816,0.642843137254902,0.357156862745098,0.552549019607843,0.447450980392157
2001,4564,0,3643,6565,3643,5644,4564,10208,3.82752155980502,0.643123040752351,0.356876959247649,0.552899686520376,0.447100313479624
2009,4564,0,3643,6573,3643,5652,4564,10216,3.83052118485189,0.64340250587314,0.35659749412686,0.553249804228661,0.446750195771339
2017,4564,0,3643,6581,3643,5660,4564,10224,3.83352080989876,0.643681533646322,0.356318466353678,0.553599374021909,0.446400625978091
2025,4564,0,3643,6589,3643,5668,4564,10232,3.83652043494563,0.643960125097733,0.356039874902267,0.553948397185301,0.446051602814699
2033,4564,0,3643,6597,3643,5676,4564,10240,3.8395200599925,0.64423828125,0.35576171875,0.554296875,0.445703125
2041,4564,0,3643,6605,3643,5684,4564,10248,3.84251968503937,0.644516003122561,0.355483996877439,0.554644808743169,0.445355191256831
2049,4564,0,3643,6613,3643,5692,4564,10256,3.84551931008624,0.644793291731669,0.355206708268331,0.554992199687988,0.445007800312012
2057,4564,0,3643,6621,3643,5700,4564,10264,3.84851893513311,0.645070148090413,0.354929851909587,0.555339049103663,0.444660950896337
2065,4564,0,3643,6629,3643,5708,4564,10272,3.85151856017998,0.645346573208723,0.354653426791277,0.555685358255452,0.444314641744548
2073,4564,0,3643,6637,3643,5716,4564,10280,3.85451818522685,0.645622568093385,0.354377431906615,0.556031128404669,0.443968871595331
2081,4564,0,3643,6645,3643,5724,4564,10288,3.85751781027372,0.645898133748056,0.354101866251944,0.556376360808709,0.443623639191291
2089,4564,0,3643,6653,3643,5732,4564,10296,3.86051743532059,0.646173271173271,0.353826728826729,0.556721056721057,0.443278943278943
2097,4564,0,3643,6661,3643,5740,4564,10304,3.86351706036745,0.64644798136646,0.35355201863354,0.557065217391304,0.442934782608696
2105,4564,0,3643,6669,3643,5748,4564,10312,3.86651668541432,0.646722265321955,0.353277734678045,0.557408844065167,0.442591155934833
2113,4564,0,3643,6677,3643,5756,4564,10320,3.86951631046119,0.646996124031008,0.353003875968992,0.557751937984496,0.442248062015504
2121,4564,0,3643,6685,3643,5764,4564,10328,3.87251593550806,0.647269558481797,0.352730441518203,0.558094500387297,0.441905499612703
2129,4564,0,3643,6693,3643,5772,4564,10336,3.87551556055493,0.647542569659443,0.352457430340557,0.55843653250774,0.44156346749226
2131,4565,0,3648,6696,3648,5779,4565,10344,3.8785151856018,0.647331786542923,0.352668213457077,0.558681361175561,0.441318638824439
2139,4565,0,3648,6704,3648,5787,4565,10352,3.88151481064867,0.647604327666152,0.352395672333849,0.559022411128284,0.440977588871716
2147,4565,0,3648,6712,3648,5795,4565,10360,3.88451443569554,0.647876447876448,0.352123552123552,0.559362934362934,0.440637065637066
2155,4565,0,3648,6720,3648,5803,4565,10368,3.88751406074241,0.648148148148148,0.351851851851852,0.559702932098765,0.440297067901235
2163,4565,0,3648,6728,3648,5811,4565,10376,3.89051368578928,0.648419429452583,0.351580570547417,0.560042405551272,0.439957594448728
2171,4565,0,3648,6736,3648,5819,4565,10384,3.89351331083615,0.648690292758089,0.351309707241911,0.560381355932203,0.439618644067797
2179,4565,0,3648,6744,3648,5827,4565,10392,3.89651293588301,0.648960739030023,0.351039260969977,0.560719784449577,0.439280215550423
2187,4565,0,3648,6752,3648,5835,4565,10400,3.89951256092988,0.649230769230769,0.350769230769231,0.561057692307692,0.438942307692308
2195,4565,0,3648,6760,3648,5843,4565,10408,3.90251218597675,0.649500384319754,0.350499615680246,0.561395080707148,0.438604919292852
2203,4565,0,3648,6768,3648,5851,4565,10416,3.90551181102362,0.649769585253456,0.350230414746544,0.561731950844854,0.438268049155146
2208,4567,0,3649,6775,3649,5857,4567,10424,3.90851143607049,0.649942440521873,0.350057559478127,0.561876438986953,0.438123561013047
2208,4569,0,3655,6777,3655,5863,4569,10432,3.91151106111736,0.649635736196319,0.350364263803681,0.562020705521472,0.437979294478528
2208,4571,0,3661,6779,3661,5869,4571,10440,3.91451068616423,0.649329501915709,0.350670498084291,0.562164750957854,0.437835249042146
2208,4573,0,3667,6781,3667,5875,4573,10448,3.9175103112111,0.649023736600306,0.350976263399694,0.562308575803982,0.437691424196018
2208,4575,0,3673,6783,3673,5881,4575,10456,3.92050993625797,0.64871843917368,0.35128156082632,0.562452180566182,0.437547819433818
2208,4577,0,3679,6785,3679,5887,4577,10464,3.92350956130484,0.648413608562691,0.351586391437309,0.562595565749236,0.437404434250765
2208,4579,0,3685,6787,3685,5893,4579,10472,3.92650918635171,0.648109243697479,0.351890756302521,0.562738731856379,0.437261268143621
2208,4581,0,3691,6789,3691,5899,4581,10480,3.92950881139858,0.64780534351145,0.35219465648855,0.562881679389313,0.437118320610687
2208,4583,0,3697,6791,3697,5905,4583,10488,3.93250843644544,0.647501906941266,0.352498093058734,0.563024408848207,0.436975591151793
2208,4585,0,3703,6793,3703,5911,4585,10496,3.93550806149231,0.647198932926829,0.352801067073171,0.563166920731707,0.436833079268293
2208,4586,0,3710,6794,3710,5918,4586,10504,3.93850768653918,0.646801218583397,0.353198781416603,0.563404417364813,0.436595582635187
2208,4587,0,3717,6795,3717,5925,4587,10512,3.94150731158605,0.646404109589041,0.353595890410959,0.563641552511416,0.436358447488584
2208,4588,0,3724,6796,3724,5932,4588,10520,3.94450693663292,0.646007604562738,0.353992395437262,0.563878326996198,0.436121673003802
2208,4589,0,3731,6797,3731,5939,4589,10528,3.94750656167979,0.64561170212766,0.35438829787234,0.564114741641337,0.435885258358663
2208,4590,0,3738,6798,3738,5946,4590,10536,3.95050618672666,0.645216400911162,0.354783599088838,0.564350797266515,0.435649202733485
2208,4591,0,3745,6799,3745,5953,4591,10544,3.95350581177353,0.644821699544765,0.355178300455235,0.564586494688923,0.435413505311077
2208,4593,0,3751,6801,3751,5959,4593,10552,3.9565054368204,0.644522365428355,0.355477634571645,0.56472706595906,0.43527293404094
2208,4595,0,3757,6803,3757,5965,4595,10560,3.95950506186727,0.644223484848485,0.355776515151515,0.564867424242424,0.435132575757576
2208,4597,0,3763,6805,3763,5971,4597,10568,3.96250468691414,0.64392505677517,0.35607494322483,0.56500757002271,0.43499242997729
2208,4599,0,3769,6807,3769,5977,4599,10576,3.965504311961,0.643627080181543,0.356372919818457,0.565147503782148,0.434852496217852
2208,4601,0,3775,6809,3775,5983,4601,10584,3.96850393700787,0.64332955404384,0.35667044595616,0.565287226001512,0.434712773998488
2208,4603,0,3781,6811,3781,5989,4603,10592,3.97150356205474,0.64303247734139,0.35696752265861,0.565426737160121,0.434573262839879
2208,4605,0,3787,6813,3787,5995,4605,10600,3.97450318710161,0.642735849056604,0.357264150943396,0.565566037735849,0.434433962264151
2208,4607,0,3793,6815,3793,6001,4607,10608,3.97750281214848,0.642439668174962,0.357560331825038,0.565705128205128,0.434294871794872
2208,4609,0,3799,6817,3799,6007,4609,10616,3.98050243719535,0.642143933685004,0.357856066314996,0.565844009042954,0.434155990957046
2208,4612,0,3804,6820,3804,6012,4612,10624,3.98350206224222,0.641942771084337,0.358057228915663,0.565888554216867,0.434111445783133
2208,4614,0,3810,6822,3810,6018,4614,10632,3.98650168728909,0.641647855530474,0.358352144469526,0.566027088036117,0.433972911963883
2208,4616,0,3816,6824,3816,6024,4616,10640,3.98950131233596,0.641353383458647,0.358646616541353,0.566165413533835,0.433834586466165
2208,4618,0,3822,6826,3822,6030,4618,10648,3.99250093738283,0.641059353869271,0.358940646130729,0.566303531179564,0.433696468820436
2208,4621,0,3827,6829,3827,6035,4621,10656,3.9955005624297,0.64085960960961,0.35914039039039,0.566347597597598,0.433652402402402
2208,4622,0,3834,6830,3834,6042,4622,10664,3.99850018747657,0.640472618154539,0.359527381845461,0.566579144786197,0.433420855213803
2208,4623,0,3841,6831,3841,6049,4623,10672,4.00149981252343,0.640086206896552,0.359913793103448,0.566810344827586,0.433189655172414
2210,4624,0,3846,6834,3846,6056,4624,10680,4.0044994375703,0.639887640449438,0.360112359550562,0.567041198501873,0.432958801498127
2210,4625,0,3853,6835,3853,6063,4625,10688,4.00749906261717,0.639502245508982,0.360497754491018,0.567271706586826,0.432728293413174
2210,4626,0,3860,6836,3860,6070,4626,10696,4.01049868766404,0.639117427075542,0.360882572924458,0.567501869857891,0.432498130142109
2210,4627,0,3867,6837,3867,6077,4627,10704,4.01349831271091,0.638733183856502,0.361266816143498,0.567731689088191,0.432268310911809
2210,4628,0,3874,6838,3874,6084,4628,10712,4.01649793775778,0.638349514563107,0.361650485436893,0.567961165048544,0.432038834951456
2210,4629,0,3881,6839,3881,6091,4629,10720,4.01949756280465,0.637966417910448,0.362033582089552,0.568190298507463,0.431809701492537
2210,4630,0,3888,6840,3888,6098,4630,10728,4.02249718785152,0.63758389261745,0.36241610738255,0.568419090231171,0.431580909768829
2210,4631,0,3895,6841,3895,6105,4631,10736,4.02549681289839,0.637201937406855,0.362798062593145,0.568647540983607,0.431352459016393
2210,4632,0,3902,6842,3902,6112,4632,10744,4.02849643794526,0.636820551005212,0.363179448994788,0.568875651526433,0.431124348473567
2210,4633,0,3909,6843,3909,6119,4633,10752,4.03149606299213,0.636439732142857,0.363560267857143,0.569103422619048,0.430896577380952
2210,4634,0,3916,6844,3916,6126,4634,10760,4.034495688039,0.636059479553903,0.363940520446097,0.569330855018587,0.430669144981413
2210,4635,0,3923,6845,3923,6133,4635,10768,4.03749531308586,0.635679791976226,0.364320208023774,0.569557949479941,0.430442050520059
2210,4636,0,3930,6846,3930,6140,4636,10776,4.04049493813273,0.635300668151448,0.364699331848552,0.569784706755754,0.430215293244246
2210,4637,0,3937,6847,3937,6147,4637,10784,4.0434945631796,0.634922106824926,0.365077893175074,0.570011127596439,0.429988872403561
2210,4638,0,3944,6848,3944,6154,4638,10792,4.04649418822647,0.634544106745738,0.365455893254262,0.570237212750185,0.429762787249815
2210,4639,0,3951,6849,3951,6161,4639,10800,4.04949381327334,0.634166666666667,0.365833333333333,0.570462962962963,0.429537037037037
2210,4640,0,3958,6850,3958,6168,4640,10808,4.05249343832021,0.63378978534419,0.366210214655811,0.570688378978534,0.429311621021466
2210,4641,0,3965,6851,3965,6175,4641,10816,4.05549306336708,0.633413461538462,0.366586538461538,0.570913461538462,0.429086538461538
2210,4642,0,3972,6852,3972,6182,4642,10824,4.05849268841395,0.633037694013304,0.366962305986696,0.571138211382114,0.428861788617886
2210,4643,0,3979,6853,3979,6189,4643,10832,4.06149231346082,0.632662481536189,0.367337518463811,0.571362629246676,0.428637370753323
2210,4644,0,3986,6854,3986,6196,4644,10840,4.06449193850769,0.632287822878229,0.367712177121771,0.571586715867159,0.428413284132841
2210,4645,0,3993,6855,3993,6203,4645,10848,4.06749156355456,0.631913716814159,0.368086283185841,0.571810471976401,0.428189528023599
2210,4646,0,4000,6856,4000,6210,4646,10856,4.07049118860142,0.631540162122329,0.368459837877671,0.572033898305085,0.427966101694915
2210,4647,0,4007,6857,4007,6217,4647,10864,4.07349081364829,0.631167157584683,0.368832842415317,0.572256995581738,0.427743004418262
2210,4648,0,4014,6858,4014,6224,4648,10872,4.07649043869516,0.630794701986755,0.369205298013245,0.572479764532745,0.427520235467255
2210,4649,0,4021,6859,4021,6231,4649,10880,4.07949006374203,0.630422794117647,0.369577205882353,0.572702205882353,0.427297794117647
2210,4650,0,4028,6860,4028,6238,4650,10888,4.0824896887889,0.630051432770022,0.369948567229978,0.572924320352682,0.427075679647318
2210,4651,0,4035,6861,4035,6245,4651,10896,4.08548931383577,0.629680616740088,0.370319383259912,0.57314610866373,0.42685389133627
2210,4652,0,4042,6862,4042,6252,4652,10904,4.08848893888264,0.629310344827586,0.370689655172414,0.573367571533382,0.426632428466618
2210,4653,0,4049,6863,4049,6259,4653,10912,4.09148856392951,0.628940615835777,0.371059384164223,0.573588709677419,0.426411290322581
2212,4653,0,4055,6865,4055,6267,4653,10920,4.09448818897638,0.628663003663004,0.371336996336996,0.573901098901099,0.426098901098901
2220,4653,0,4055,6873,4055,6275,4653,10928,4.09748781402325,0.628934846266471,0.371065153733529,0.574213030746706,0.425786969253294
2220,4654,0,4062,6874,4062,6282,4654,10936,4.10048743907012,0.628566203365033,0.371433796634967,0.574433065106072,0.425566934893928
2226,4654,0,4064,6880,4064,6290,4654,10944,4.10348706411698,0.628654970760234,0.371345029239766,0.574744152046784,0.425255847953216
2234,4654,0,4064,6888,4064,6298,4654,10952,4.10648668916385,0.628926223520818,0.371073776479182,0.575054784514244,0.424945215485756
2242,4654,0,4064,6896,4064,6306,4654,10960,4.10948631421072,0.629197080291971,0.370802919708029,0.57536496350365,0.42463503649635
2250,4654,0,4064,6904,4064,6314,4654,10968,4.11248593925759,0.62946754194019,0.37053245805981,0.575674690007294,0.424325309992706
2258,4654,0,4064,6912,4064,6322,4654,10976,4.11548556430446,0.629737609329446,0.370262390670554,0.575983965014577,0.424016034985423
2265,4655,0,4064,6920,4064,6329,4655,10984,4.11848518935133,0.630007283321194,0.369992716678806,0.576201747997087,0.423798252002913
2265,4656,0,4071,6921,4071,6336,4656,10992,4.1214848143982,0.629639737991266,0.370360262008734,0.576419213973799,0.423580786026201
2265,4657,0,4078,6922,4078,6343,4657,11000,4.12448443944507,0.629272727272727,0.370727272727273,0.576636363636364,0.423363636363636
2265,4658,0,4085,6923,4085,6350,4658,11008,4.12748406449194,0.62890625,0.37109375,0.576853197674419,0.423146802325581
2270,4658,0,4088,6928,4088,6358,4658,11016,4.13048368953881,0.628903413217139,0.371096586782861,0.577160493827161,0.42283950617284
2273,4659,0,4092,6932,4092,6365,4659,11024,4.13348331458568,0.628809869375907,0.371190130624093,0.577376632801161,0.422623367198839
2277,4660,0,4095,6937,4095,6372,4660,11032,4.13648293963255,0.628807106598985,0.371192893401015,0.577592458303118,0.422407541696882
2277,4662,0,4101,6939,4101,6378,4662,11040,4.13948256467942,0.628532608695652,0.371467391304348,0.577717391304348,0.422282608695652
2277,4664,0,4107,6941,4107,6384,4664,11048,4.14248218972628,0.628258508327299,0.371741491672701,0.577842143374366,0.422157856625634
2277,4666,0,4113,6943,4113,6390,4666,11056,4.14548181477315,0.62798480463097,0.37201519536903,0.577966714905933,0.422033285094067
2277,4668,0,4119,6945,4119,6396,4668,11064,4.14848143982002,0.627711496746204,0.372288503253796,0.578091106290672,0.421908893709328
2277,4670,0,4125,6947,4125,6402,4670,11072,4.15148106486689,0.627438583815029,0.372561416184971,0.578215317919075,0.421784682080925
2277,4672,0,4131,6949,4131,6408,4672,11080,4.15448068991376,0.627166064981949,0.372833935018051,0.578339350180505,0.421660649819495
2277,4674,0,4137,6951,4137,6414,4674,11088,4.15748031496063,0.626893939393939,0.373106060606061,0.578463203463203,0.421536796536797
2277,4676,0,4143,6953,4143,6420,4676,11096,4.1604799400075,0.626622206200433,0.373377793799567,0.57858687815429,0.42141312184571
2277,4678,0,4149,6955,4149,6426,4678,11104,4.16347956505437,0.626350864553314,0.373649135446686,0.578710374639769,0.421289625360231
2277,4680,0,4155,6957,4155,6432,4680,11112,4.16647919010124,0.626079913606911,0.373920086393089,0.578833693304536,0.421166306695464
2277,4682,0,4161,6959,4161,6438,4682,11120,4.16947881514811,0.625809352517986,0.374190647482014,0.578956834532374,0.421043165467626
2277,4684,0,4167,6961,4167,6444,4684,11128,4.17247844019498,0.625539180445723,0.374460819554278,0.579079798705967,0.420920201294033
2277,4686,0,4173,6963,4173,6450,4686,11136,4.17547806524184,0.625269396551724,0.374730603448276,0.579202586206897,0.420797413793103
2277,4688,0,4179,6965,4179,6456,4688,11144,4.17847769028871,0.625,0.375,0.57932519741565,0.42067480258435
2277,4690,0,4185,6967,4185,6462,4690,11152,4.18147731533558,0.624730989956958,0.375269010043042,0.579447632711621,0.420552367288379
2277,4692,0,4191,6969,4191,6468,4692,11160,4.18447694038245,0.624462365591398,0.375537634408602,0.579569892473118,0.420430107526882
2277,4694,0,4197,6971,4197,6474,4694,11168,4.18747656542932,0.624194126074499,0.375805873925501,0.579691977077364,0.420308022922636
2277,4696,0,4203,6973,4203,6480,4696,11176,4.19047619047619,0.623926270579814,0.376073729420186,0.579813886900501,0.420186113099499
2277,4698,0,4209,6975,4209,6486,4698,11184,4.19347581552306,0.623658798283262,0.376341201716738,0.579935622317597,0.420064377682403
2277,4700,0,4215,6977,4215,6492,4700,11192,4.19647544056993,0.623391708363117,0.376608291636883,0.580057183702645,0.419942816297355
2277,4702,0,4221,6979,4221,6498,4702,11200,4.1994750656168,0.623125,0.376875,0.580178571428571,0.419821428571429
2277,4704,0,4227,6981,4227,6504,4704,11208,4.20247469066367,0.622858672376874,0.377141327623126,0.580299785867238,0.419700214132762
2277,4706,0,4233,6983,4233,6510,4706,11216,4.20547431571054,0.62259272467903,0.37740727532097,0.580420827389444,0.419579172610556
2277,4708,0,4239,6985,4239,6516,4708,11224,4.20847394075741,0.622327156094084,0.377672843905916,0.580541696364932,0.419458303635068
2277,4710,0,4245,6987,4245,6522,4710,11232,4.21147356580427,0.622061965811966,0.377938034188034,0.580662393162393,0.419337606837607
2277,4712,0,4251,6989,4251,6528,4712,11240,4.21447319085114,0.621797153024911,0.378202846975089,0.580782918149466,0.419217081850534
2277,4714,0,4257,6991,4257,6534,4714,11248,4.21747281589801,0.621532716927454,0.378467283072546,0.580903271692745,0.419096728307255
2277,4716,0,4263,6993,4263,6540,4716,11256,4.22047244094488,0.621268656716418,0.378731343283582,0.581023454157783,0.418976545842218
2277,4718,0,4269,6995,4269,6546,4718,11264,4.22347206599175,0.621004971590909,0.378995028409091,0.581143465909091,0.418856534090909
2277,4720,0,4275,6997,4275,6552,4720,11272,4.22647169103862,0.620741660752307,0.379258339247693,0.581263307310149,0.418736692689851
2277,4722,0,4281,6999,4281,6558,4722,11280,4.22947131608549,0.620478723404255,0.379521276595745,0.581382978723404,0.418617021276596
2277,4724,0,4287,7001,4287,6564,4724,11288,4.23247094113236,0.620216158752658,0.379783841247342,0.581502480510276,0.418497519489724
2277,4726,0,4293,7003,4293,6570,4726,11296,4.23547056617923,0.619953966005666,0.380046033994334,0.581621813031161,0.418378186968839
2279,4727,0,4298,7006,4298,6577,4727,11304,4.2384701912261,0.619780608634112,0.380219391365888,0.581829440905874,0.418170559094126
2281,4730,0,4301,7011,4301,6582,4730,11312,4.24146981627297,0.619784299858557,0.380215700141443,0.581859971711457,0.418140028288543
2281,4733,0,4306,7014,4306,6587,4733,11320,4.24446944131984,0.619611307420495,0.380388692579505,0.581890459363958,0.418109540636042
2281,4736,0,4311,7017,4311,6592,4736,11328,4.2474690663667,0.619438559322034,0.380561440677966,0.581920903954802,0.418079096045198
2281,4739,0,4316,7020,4316,6597,4739,11336,4.25046869141357,0.619266055045872,0.380733944954128,0.581951305575159,0.418048694424841
2281,4742,0,4321,7023,4321,6602,4742,11344,4.25346831646044,0.619093794076164,0.380906205923836,0.581981664315938,0.418018335684062
2281,4744,0,4327,7025,4327,6608,4744,11352,4.25646794150731,0.618833685694151,0.381166314305849,0.582100070472164,0.417899929527837
2281,4745,0,4334,7026,4334,6615,4745,11360,4.25946756655418,0.618485915492958,0.381514084507042,0.582306338028169,0.417693661971831
2284,4745,0,4339,7029,4339,6623,4745,11368,4.26246719160105,0.618314567206193,0.381685432793807,0.582600281491907,0.417399718508093
2292,4745,0,4339,7037,4339,6631,4745,11376,4.26546681664792,0.618582981715893,0.381417018284107,0.582893811533052,0.417106188466948
2300,4745,0,4339,7045,4339,6639,4745,11384,4.26846644169479,0.618851018973999,0.381148981026001,0.58318692902319,0.41681307097681
2308,4745,0,4339,7053,4339,6647,4745,11392,4.27146606674166,0.619118679775281,0.380881320224719,0.583479634831461,0.416520365168539
2316,4745,0,4339,7061,4339,6655,4745,11400,4.27446569178853,0.619385964912281,0.380614035087719,0.583771929824561,0.416228070175439
2324,4745,0,4339,7069,4339,6663,4745,11408,4.2774653168354,0.619652875175316,0.380347124824684,0.58406381486676,0.41593618513324
2332,4745,0,4339,7077,4339,6671,4745,11416,4.28046494188226,0.619919411352488,0.380080588647512,0.584355290819902,0.415644709180098
2340,4745,0,4339,7085,4339,6679,4745,11424,4.28346456692913,0.620185574229692,0.379814425770308,0.584646358543417,0.415353641456583
2348,4745,0,4339,7093,4339,6687,4745,11432,4.286464191976,0.620451364590623,0.379548635409377,0.584937018894332,0.415062981105668
2356,4745,0,4339,7101,4339,6695,4745,11440,4.28946381702287,0.620716783216783,0.379283216783217,0.585227272727273,0.414772727272727
2364,4745,0,4339,7109,4339,6703,4745,11448,4.29246344206974,0.620981830887491,0.379018169112509,0.585517120894479,0.414482879105521
2372,4745,0,4339,7117,4339,6711,4745,11456,4.29546306711661,0.621246508379888,0.378753491620112,0.58580656424581,0.41419343575419
2380,4745,0,4339,7125,4339,6719,4745,11464,4.29846269216348,0.621510816468946,0.378489183531054,0.586095603628751,0.413904396371249
2388,4745,0,4339,7133,4339,6727,4745,11472,4.30146231721035,0.621774755927476,0.378225244072524,0.586384239888424,0.413615760111576
2392,4746,0,4342,7138,4342,6734,4746,11480,4.30446194225722,0.621777003484321,0.378222996515679,0.586585365853659,0.413414634146341
2392,4747,0,4349,7139,4349,6741,4747,11488,4.30746156730409,0.621431058495822,0.378568941504178,0.586786211699164,0.413213788300836
2392,4748,0,4356,7140,4356,6748,4748,11496,4.31046119235096,0.621085594989562,0.378914405010438,0.586986778009743,0.413013221990257
2392,4749,0,4363,7141,4363,6755,4749,11504,4.31346081739783,0.620740611961057,0.379259388038943,0.587187065368567,0.412812934631433
2398,4749,0,4365,7147,4365,6763,4749,11512,4.31646044244469,0.620830437804031,0.379169562195969,0.587473940236275,0.412526059763725
2406,4749,0,4365,7155,4365,6771,4749,11520,4.31946006749156,0.62109375,0.37890625,0.587760416666667,0.412239583333333
2414,4749,0,4365,7163,4365,6779,4749,11528,4.32245969253843,0.621356696738376,0.378643303261624,0.588046495489244,0.411953504510756
2421,4749,0,4366,7170,4366,6787,4749,11536,4.3254593175853,0.621532593619972,0.378467406380028,0.588332177531207,0.411667822468793
2429,4749,0,4366,7178,4366,6795,4749,11544,4.32845894263217,0.621794871794872,0.378205128205128,0.588617463617464,0.411382536382536
2437,4749,0,4366,7186,4366,6803,4749,11552,4.33145856767904,0.622056786703601,0.377943213296399,0.588902354570637,0.411097645429363
2445,4749,0,4366,7194,4366,6811,4749,11560,4.33445819272591,0.622318339100346,0.377681660899654,0.589186851211073,0.410813148788927
2453,4749,0,4366,7202,4366,6819,4749,11568,4.33745781777278,0.622579529737206,0.377420470262794,0.589470954356846,0.410529045643154
2461,4749,0,4366,7210,4366,6827,4749,11576,4.34045744281965,0.622840359364202,0.377159640635798,0.589754664823773,0.410245335176227
2469,4749,0,4366,7218,4366,6835,4749,11584,4.34345706786652,0.623100828729282,0.376899171270718,0.590037983425414,0.409962016574586
2477,4749,0,4366,7226,4366,6843,4749,11592,4.34645669291339,0.62336093857833,0.37663906142167,0.590320910973085,0.409679089026915
2485,4749,0,4366,7234,4366,6851,4749,11600,4.34945631796025,0.623620689655172,0.376379310344828,0.590603448275862,0.409396551724138
2493,4749,0,4366,7242,4366,6859,4749,11608,4.35245594300712,0.623880082701585,0.376119917298415,0.590885596140593,0.409114403859407
2501,4749,0,4366,7250,4366,6867,4749,11616,4.35545556805399,0.6241391184573,0.3758608815427,0.591167355371901,0.408832644628099
2509,4749,0,4366,7258,4366,6875,4749,11624,4.35845519310086,0.624397797660014,0.375602202339986,0.591448726772196,0.408551273227805
2517,4749,0,4366,7266,4366,6883,4749,11632,4.36145481814773,0.624656121045392,0.375343878954608,0.591729711141678,0.408270288858322
2525,4749,0,4366,7274,4366,6891,4749,11640,4.3644544431946,0.624914089347079,0.375085910652921,0.592010309278351,0.407989690721649
2533,4749,0,4366,7282,4366,6899,4749,11648,4.36745406824147,0.625171703296703,0.374828296703297,0.592290521978022,0.407709478021978
2541,4749,0,4366,7290,4366,6907,4749,11656,4.37045369328834,0.625428963623885,0.374571036376115,0.592570350034317,0.407429649965683
2548,4749,0,4367,7297,4367,6915,4749,11664,4.37345331833521,0.625600137174211,0.374399862825789,0.592849794238683,0.407150205761317
2556,4749,0,4367,7305,4367,6923,4749,11672,4.37645294338208,0.625856751199452,0.374143248800548,0.593128855380398,0.406871144619602
2564,4749,0,4367,7313,4367,6931,4749,11680,4.37945256842895,0.62611301369863,0.37388698630137,0.593407534246575,0.406592465753425
2572,4749,0,4367,7321,4367,6939,4749,11688,4.38245219347582,0.626368925393566,0.373631074606434,0.593685831622177,0.406314168377823
2580,4749,0,4367,7329,4367,6947,4749,11696,4.38545181852269,0.626624487004104,0.373375512995896,0.593963748290014,0.406036251709986
2588,4749,0,4367,7337,4367,6955,4749,11704,4.38845144356955,0.62687969924812,0.37312030075188,0.594241285030759,0.405758714969241
2596,4749,0,4367,7345,4367,6963,4749,11712,4.39145106861642,0.62713456284153,0.37286543715847,0.594518442622951,0.405481557377049
2604,4749,0,4367,7353,4367,6971,4749,11720,4.39445069366329,0.627389078498294,0.372610921501706,0.594795221843003,0.405204778156997
2612,4749,0,4367,7361,4367,6979,4749,11728,4.39745031871016,0.627643246930423,0.372356753069577,0.595071623465211,0.404928376534789
2620,4749,0,4367,7369,4367,6987,4749,11736,4.40044994375703,0.627897068847989,0.372102931152011,0.595347648261759,0.404652351738241
2628,4749,0,4367,7377,4367,6995,4749,11744,4.4034495688039,0.628150544959128,0.371849455040872,0.595623297002725,0.404376702997275
2636,4749,0,4367,7385,4367,7003,4749,11752,4.40644919385077,0.628403675970048,0.371596324029952,0.595898570456093,0.404101429543907
2644,4749,0,4367,7393,4367,7011,4749,11760,4.40944881889764,0.628656462585034,0.371343537414966,0.596173469387755,0.403826530612245
2652,4749,0,4367,7401,4367,7019,4749,11768,4.41244844394451,0.628908905506458,0.371091094493542,0.596447994561523,0.403552005438477
2660,4749,0,4367,7409,4367,7027,4749,11776,4.41544806899138,0.629161005434783,0.370838994565217,0.59672214673913,0.40327785326087
2668,4749,0,4367,7417,4367,7035,4749,11784,4.41844769403825,0.629412763068568,0.370587236931432,0.596995926680244,0.403004073319756
2676,4749,0,4367,7425,4367,7043,4749,11792,4.42144731908511,0.629664179104478,0.370335820895522,0.597269335142469,0.402730664857531
2684,4749,0,4367,7433,4367,7051,4749,11800,4.42444694413198,0.629915254237288,0.370084745762712,0.597542372881356,0.402457627118644
2692,4749,0,4367,7441,4367,7059,4749,11808,4.42744656917885,0.630165989159892,0.369834010840108,0.597815040650406,0.402184959349593
2700,4749,0,4367,7449,4367,7067,4749,11816,4.43044619422572,0.630416384563304,0.369583615436696,0.598087339201083,0.401912660798917
2708,4749,0,4367,7457,4367,7075,4749,11824,4.43344581927259,0.630666441136671,0.369333558863329,0.598359269282815,0.401640730717185
2716,4749,0,4367,7465,4367,7083,4749,11832,4.43644544431946,0.630916159567275,0.369083840432725,0.598630831643002,0.401369168356998
2724,4749,0,4367,7473,4367,7091,4749,11840,4.43944506936633,0.631165540540541,0.368834459459459,0.598902027027027,0.401097972972973
2732,4749,0,4367,7481,4367,7099,4749,11848,4.4424446944132,0.631414584740041,0.368585415259959,0.599172856178258,0.400827143821742
2740,4749,0,4367,7489,4367,7107,4749,11856,4.44544431946007,0.631663292847503,0.368336707152497,0.599443319838057,0.400556680161943
2748,4749,0,4367,7497,4367,7115,4749,11864,4.44844394450694,0.631911665542819,0.368088334457181,0.599713418745786,0.400286581254214
2756,4749,0,4367,7505,4367,7123,4749,11872,4.45144356955381,0.632159703504043,0.367840296495957,0.599983153638814,0.400016846361186
2764,4749,0,4367,7513,4367,7131,4749,11880,4.45444319460067,0.632407407407407,0.367592592592593,0.600252525252525,0.399747474747475
2772,4749,0,4367,7521,4367,7139,4749,11888,4.45744281964754,0.632654777927322,0.367345222072678,0.600521534320323,0.399478465679677
2780,4749,0,4367,7529,4367,7147,4749,11896,4.46044244469441,0.632901815736382,0.367098184263618,0.600790181573638,0.399209818426362
2788,4749,0,4367,7537,4367,7155,4749,11904,4.46344206974128,0.633148521505376,0.366851478494624,0.601058467741936,0.398941532258065
2796,4749,0,4367,7545,4367,7163,4749,11912,4.46644169478815,0.633394895903291,0.366605104096709,0.60132639355272,0.39867360644728
2804,4749,0,4367,7553,4367,7171,4749,11920,4.46944131983502,0.633640939597315,0.366359060402685,0.601593959731544,0.398406040268456
2812,4749,0,4367,7561,4367,7179,4749,11928,4.47244094488189,0.63388665325285,0.36611334674715,0.601861167002012,0.398138832997988
2820,4749,0,4367,7569,4367,7187,4749,11936,4.47544056992876,0.634132037533512,0.365867962466488,0.602128016085791,0.397871983914209
2828,4749,0,4367,7577,4367,7195,4749,11944,4.47844019497563,0.634377093101139,0.365622906898861,0.602394507702612,0.397605492297388
2836,4749,0,4367,7585,4367,7203,4749,11952,4.4814398200225,0.634621820615797,0.365378179384203,0.602660642570281,0.397339357429719
2844,4749,0,4367,7593,4367,7211,4749,11960,4.48443944506937,0.634866220735786,0.365133779264214,0.602926421404682,0.397073578595318
2852,4749,0,4367,7601,4367,7219,4749,11968,4.48743907011624,0.635110294117647,0.364889705882353,0.603191844919786,0.396808155080214
2860,4749,0,4367,7609,4367,7227,4749,11976,4.49043869516311,0.635354041416166,0.364645958583834,0.603456913827655,0.396543086172345
2868,4749,0,4367,7617,4367,7235,4749,11984,4.49343832020997,0.635597463284379,0.364402536715621,0.603721628838451,0.396278371161549
2876,4749,0,4367,7625,4367,7243,4749,11992,4.49643794525684,0.635840560373582,0.364159439626418,0.60398599066044,0.39601400933956
2884,4749,0,4367,7633,4367,7251,4749,12000,4.49943757030371,0.636083333333333,0.363916666666667,0.60425,0.39575
2892,4749,0,4367,7641,4367,7259,4749,12008,4.50243719535058,0.636325782811459,0.363674217188541,0.604513657561626,0.395486342438374
2900,4749,0,4367,7649,4367,7267,4749,12016,4.50543682039745,0.636567909454061,0.363432090545939,0.604776964047936,0.395223035952064
2908,4749,0,4367,7657,4367,7275,4749,12024,4.50843644544432,0.636809713905522,0.363190286094478,0.605039920159681,0.394960079840319
2916,4749,0,4367,7665,4367,7283,4749,12032,4.51143607049119,0.637051196808511,0.362948803191489,0.605302526595745,0.394697473404255
2924,4749,0,4367,7673,4367,7291,4749,12040,4.51443569553806,0.637292358803987,0.362707641196013,0.605564784053156,0.394435215946844
2932,4749,0,4367,7681,4367,7299,4749,12048,4.51743532058493,0.637533200531209,0.362466799468792,0.605826693227092,0.394173306772908
2940,4749,0,4367,7689,4367,7307,4749,12056,4.5204349456318,0.637773722627737,0.362226277372263,0.606088254810883,0.393911745189117
2948,4749,0,4367,7697,4367,7315,4749,12064,4.52343457067867,0.638013925729443,0.361986074270557,0.606349469496021,0.393650530503979
2956,4749,0,4367,7705,4367,7323,4749,12072,4.52643419572553,0.63825381047051,0.36174618952949,0.606610337972167,0.393389662027833
2964,4749,0,4367,7713,4367,7331,4749,12080,4.5294338207724,0.638493377483444,0.361506622516556,0.606870860927152,0.393129139072848
2972,4749,0,4367,7721,4367,7339,4749,12088,4.53243344581927,0.638732627399073,0.361267372600927,0.607131039046989,0.392868960953011
2980,4749,0,4367,7729,4367,7347,4749,12096,4.53543307086614,0.638971560846561,0.361028439153439,0.607390873015873,0.392609126984127
2988,4749,0,4367,7737,4367,7355,4749,12104,4.53843269591301,0.639210178453404,0.360789821546596,0.607650363516193,0.392349636483807
2996,4749,0,4367,7745,4367,7363,4749,12112,4.54143232095988,0.639448480845443,0.360551519154557,0.607909511228534,0.392090488771466
3004,4749,0,4367,7753,4367,7371,4749,12120,4.54443194600675,0.639686468646865,0.360313531353135,0.608168316831683,0.391831683168317
3012,4749,0,4367,7761,4367,7379,4749,12128,4.54743157105362,0.639924142480211,0.360075857519789,0.608426781002638,0.391573218997361
3020,4749,0,4367,7769,4367,7387,4749,12136,4.55043119610049,0.640161502966381,0.359838497033619,0.608684904416612,0.391315095583388
3028,4749,0,4367,7777,4367,7395,4749,12144,4.55343082114736,0.640398550724638,0.359601449275362,0.608942687747036,0.391057312252964
3035,4750,0,4367,7785,4367,7402,4750,12152,4.55643044619423,0.640635286372614,0.359364713627386,0.609117840684661,0.390882159315339
3043,4750,0,4367,7793,4367,7410,4750,12160,4.55943007124109,0.640871710526316,0.359128289473684,0.609375,0.390625
3051,4750,0,4367,7801,4367,7418,4750,12168,4.56242969628796,0.641107823800132,0.358892176199869,0.609631821170283,0.390368178829717
3059,4750,0,4367,7809,4367,7426,4750,12176,4.56542932133483,0.641343626806833,0.358656373193167,0.609888304862024,0.390111695137976
3067,4750,0,4367,7817,4367,7434,4750,12184,4.5684289463817,0.641579120157584,0.358420879842416,0.610144451739987,0.389855548260013
3075,4750,0,4367,7825,4367,7442,4750,12192,4.57142857142857,0.641814304461942,0.358185695538058,0.610400262467192,0.389599737532808
3083,4750,0,4367,7833,4367,7450,4750,12200,4.57442819647544,0.642049180327869,0.357950819672131,0.610655737704918,0.389344262295082
3091,4750,0,4367,7841,4367,7458,4750,12208,4.57742782152231,0.64228374836173,0.35771625163827,0.610910878112713,0.389089121887287
3099,4750,0,4367,7849,4367,7466,4750,12216,4.58042744656918,0.642518009168304,0.357481990831696,0.611165684348396,0.388834315651604
3107,4750,0,4367,7857,4367,7474,4750,12224,4.58342707161605,0.642751963350785,0.357248036649215,0.611420157068063,0.388579842931937
3115,4750,0,4367,7865,4367,7482,4750,12232,4.58642669666292,0.642985611510791,0.357014388489209,0.611674296926096,0.388325703073905
3123,4750,0,4367,7873,4367,7490,4750,12240,4.58942632170979,0.643218954248366,0.356781045751634,0.611928104575163,0.388071895424837
3131,4750,0,4367,7881,4367,7498,4750,12248,4.59242594675666,0.643451992161986,0.356548007838014,0.612181580666231,0.387818419333769
3139,4750,0,4367,7889,4367,7506,4750,12256,4.59542557180352,0.643684725848564,0.356315274151436,0.612434725848564,0.387565274151436
3147,4750,0,4367,7897,4367,7514,4750,12264,4.59842519685039,0.643917155903457,0.356082844096543,0.612687540769733,0.387312459230267
3155,4750,0,4367,7905,4367,7522,4750,12272,4.60142482189726,0.644149282920469,0.355850717079531,0.612940026075619,0.387059973924381
3163,4750,0,4367,7913,4367,7530,4750,12280,4.60442444694413,0.644381107491857,0.355618892508143,0.613192182410424,0.386807817589577
3171,4750,0,4367,7921,4367,7538,4750,12288,4.607424071991,0.644612630208333,0.355387369791667,0.613444010416667,0.386555989583333
3179,4750,0,4367,7929,4367,7546,4750,12296,4.61042369703787,0.644843851659076,0.355156148340924,0.613695510735198,0.386304489264802
3187,4750,0,4367,7937,4367,7554,4750,12304,4.61342332208474,0.64507477243173,0.354925227568271,0.613946684005202,0.386053315994798
3195,4750,0,4367,7945,4367,7562,4750,12312,4.61642294713161,0.645305393112411,0.354694606887589,0.614197530864197,0.385802469135802
3203,4750,0,4367,7953,4367,7570,4750,12320,4.61942257217848,0.645535714285714,0.354464285714286,0.614448051948052,0.385551948051948
3211,4750,0,4367,7961,4367,7578,4750,12328,4.62242219722535,0.645765736534718,0.354234263465282,0.61469824789098,0.38530175210902
3219,4750,0,4367,7969,4367,7586,4750,12336,4.62542182227222,0.645995460440986,0.354004539559014,0.614948119325551,0.385051880674449
3227,4750,0,4367,7977,4367,7594,4750,12344,4.62842144731909,0.646224886584576,0.353775113415425,0.615197666882696,0.384802333117304
3235,4750,0,4367,7985,4367,7602,4750,12352,4.63142107236595,0.646454015544041,0.353545984455959,0.61544689119171,0.38455310880829
3243,4750,0,4367,7993,4367,7610,4750,12360,4.63442069741282,0.64668284789644,0.35331715210356,0.615695792880259,0.384304207119741
3251,4750,0,4367,8001,4367,7618,4750,12368,4.63742032245969,0.646911384217335,0.353088615782665,0.615944372574386,0.384055627425615
3259,4750,0,4367,8009,4367,7626,4750,12376,4.64041994750656,0.647139625080802,0.352860374919198,0.616192630898513,0.383807369101487
3267,4750,0,4367,8017,4367,7634,4750,12384,4.64341957255343,0.647367571059432,0.352632428940568,0.616440568475452,0.383559431524548
3275,4750,0,4367,8025,4367,7642,4750,12392,4.6464191976003,0.647595222724338,0.352404777275662,0.616688185926404,0.383311814073596
3283,4750,0,4367,8033,4367,7650,4750,12400,4.64941882264717,0.647822580645161,0.352177419354839,0.616935483870968,0.383064516129032
3291,4750,0,4367,8041,4367,7658,4750,12408,4.65241844769404,0.648049645390071,0.351950354609929,0.617182462927144,0.382817537072856
3299,4750,0,4367,8049,4367,7666,4750,12416,4.65541807274091,0.648276417525773,0.351723582474227,0.61742912371134,0.38257087628866
3307,4750,0,4367,8057,4367,7674,4750,12424,4.65841769778778,0.648502897617514,0.351497102382485,0.617675466838377,0.382324533161623
3315,4750,0,4367,8065,4367,7682,4750,12432,4.66141732283465,0.648729086229086,0.351270913770914,0.617921492921493,0.382078507078507
3323,4750,0,4367,8073,4367,7690,4750,12440,4.66441694788151,0.64895498392283,0.35104501607717,0.618167202572347,0.381832797427653
3324,4752,0,4372,8076,4372,7696,4752,12448,4.66741657292838,0.648778920308483,0.351221079691517,0.618251928020566,0.381748071979434
3324,4754,0,4378,8078,4378,7702,4754,12456,4.67041619797525,0.648522800256904,0.351477199743096,0.618336544637123,0.381663455362877
3324,4756,0,4384,8080,4384,7708,4756,12464,4.67341582302212,0.648267008985879,0.351732991014121,0.618421052631579,0.381578947368421
3324,4758,0,4390,8082,4390,7714,4758,12472,4.67641544806899,0.648011545862733,0.351988454137267,0.618505452212957,0.381494547787043
3324,4760,0,4396,8084,4396,7720,4760,12480,4.67941507311586,0.64775641025641,0.35224358974359,0.618589743589744,0.381410256410256
3324,4762,0,4402,8086,4402,7726,4762,12488,4.68241469816273,0.647501601537476,0.352498398462524,0.618673926969891,0.381326073030109
3324,4764,0,4408,8088,4408,7732,4764,12496,4.6854143232096,0.647247119078105,0.352752880921895,0.618758002560819,0.381241997439181
3324,4766,0,4414,8090,4414,7738,4766,12504,4.68841394825647,0.646992962252079,0.353007037747921,0.618841970569418,0.381158029430582
3324,4768,0,4420,8092,4420,7744,4768,12512,4.69141357330334,0.646739130434783,0.353260869565217,0.618925831202046,0.381074168797954
3324,4770,0,4426,8094,4426,7750,4770,12520,4.69441319835021,0.646485623003195,0.353514376996805,0.619009584664537,0.380990415335463
3324,4772,0,4432,8096,4432,7756,4772,12528,4.69741282339708,0.646232439335888,0.353767560664112,0.619093231162197,0.380906768837803
3324,4774,0,4438,8098,4438,7762,4774,12536,4.70041244844394,0.645979578813018,0.354020421186982,0.619176770899809,0.380823229100191
3324,4776,0,4444,8100,4444,7768,4776,12544,4.70341207349081,0.645727040816326,0.354272959183673,0.619260204081633,0.380739795918367
3324,4778,0,4450,8102,4450,7774,4778,12552,4.70641169853768,0.645474824729127,0.354525175270873,0.619343530911409,0.380656469088591
3324,4780,0,4456,8104,4456,7780,4780,12560,4.70941132358455,0.645222929936306,0.354777070063694,0.619426751592357,0.380573248407643
3325,4783,0,4460,8108,4460,7785,4783,12568,4.71241094863142,0.645130490133673,0.354869509866327,0.619430299172502,0.380569700827498
3333,4783,0,4460,8116,4460,7793,4783,12576,4.71541057367829,0.645356234096692,0.354643765903308,0.619672391857506,0.380327608142494
3341,4783,0,4460,8124,4460,7801,4783,12584,4.71841019872516,0.645581691036237,0.354418308963764,0.619914176732359,0.380085823267641
3349,4783,0,4460,8132,4460,7809,4783,12592,4.72140982377203,0.645806861499365,0.354193138500635,0.620155654383736,0.379844345616264
3357,4783,0,4460,8140,4460,7817,4783,12600,4.7244094488189,0.646031746031746,0.353968253968254,0.620396825396825,0.379603174603175
3365,4783,0,4460,8148,4460,7825,4783,12608,4.72740907386577,0.646256345177665,0.353743654822335,0.62063769035533,0.37936230964467
3373,4783,0,4460,8156,4460,7833,4783,12616,4.73040869891264,0.646480659480025,0.353519340519975,0.620878249841471,0.379121750158529
3381,4783,0,4460,8164,4460,7841,4783,12624,4.73340832395951,0.646704689480355,0.353295310519645,0.621118504435995,0.378881495564005
3389,4783,0,4460,8172,4460,7849,4783,12632,4.73640794900637,0.646928435718809,0.353071564281191,0.621358454718176,0.378641545281824
3397,4783,0,4460,8180,4460,7857,4783,12640,4.73940757405324,0.647151898734177,0.352848101265823,0.621598101265823,0.378401898734177
3405,4783,0,4460,8188,4460,7865,4783,12648,4.74240719910011,0.647375079063884,0.352624920936116,0.621837444655281,0.378162555344719
3413,4783,0,4460,8196,4460,7873,4783,12656,4.74540682414698,0.647597977243995,0.352402022756005,0.622076485461441,0.377923514538559
3421,4783,0,4460,8204,4460,7881,4783,12664,4.74840644919385,0.647820593809223,0.352179406190777,0.622315224257738,0.377684775742262
3429,4783,0,4460,8212,4460,7889,4783,12672,4.75140607424072,0.648042929292929,0.351957070707071,0.622553661616162,0.377446338383838
3437,4783,0,4460,8220,4460,7897,4783,12680,4.75440569928759,0.648264984227129,0.351735015772871,0.622791798107255,0.377208201892744
3445,4783,0,4460,8228,4460,7905,4783,12688,4.75740532433446,0.648486759142497,0.351513240857503,0.623029634300126,0.376970365699874
3453,4783,0,4460,8236,4460,7913,4783,12696,4.76040494938133,0.648708254568368,0.351291745431632,0.623267170762445,0.376732829237555
3461,4783,0,4460,8244,4460,7921,4783,12704,4.7634045744282,0.648929471032746,0.351070528967254,0.623504408060453,0.376495591939547
3469,4783,0,4460,8252,4460,7929,4783,12712,4.76640419947507,0.649150409062303,0.350849590937697,0.623741346758968,0.376258653241032
3477,4783,0,4460,8260,4460,7937,4783,12720,4.76940382452193,0.64937106918239,0.35062893081761,0.623977987421384,0.376022012578616
3485,4783,0,4460,8268,4460,7945,4783,12728,4.7724034495688,0.649591451917033,0.350408548082967,0.624214330609679,0.375785669390321
3493,4783,0,4460,8276,4460,7953,4783,12736,4.77540307461567,0.649811557788945,0.350188442211055,0.624450376884422,0.375549623115578
3501,4783,0,4460,8284,4460,7961,4783,12744,4.77840269966254,0.650031387319523,0.349968612680477,0.624686126804771,0.375313873195229
3509,4783,0,4460,8292,4460,7969,4783,12752,4.78140232470941,0.650250941028858,0.349749058971142,0.624921580928482,0.375078419071518
3515,4784,0,4461,8299,4461,7976,4784,12760,4.78440194975628,0.650391849529781,0.349608150470219,0.625078369905956,0.374921630094044
3521,4784,0,4463,8305,4463,7984,4784,12768,4.78740157480315,0.650454260651629,0.349545739348371,0.62531328320802,0.37468671679198
3529,4784,0,4463,8313,4463,7992,4784,12776,4.79040119985002,0.650673137132123,0.349326862867877,0.625547902316844,0.374452097683156
3537,4784,0,4463,8321,4463,8000,4784,12784,4.79340082489689,0.650891739674593,0.349108260325407,0.625782227784731,0.374217772215269
3545,4784,0,4463,8329,4463,8008,4784,12792,4.79640044994376,0.651110068792996,0.348889931207004,0.626016260162602,0.373983739837398
3553,4784,0,4463,8337,4463,8016,4784,12800,4.79940007499063,0.651328125,0.348671875,0.62625,0.37375
3561,4784,0,4463,8345,4463,8024,4784,12808,4.80239970003749,0.651545908806996,0.348454091193004,0.626483447845097,0.373516552154903
3569,4784,0,4463,8353,4463,8032,4784,12816,4.80539932508436,0.651763420724095,0.348236579275905,0.626716604244694,0.373283395755306
3577,4784,0,4463,8361,4463,8040,4784,12824,4.80839895013123,0.651980661260137,0.348019338739863,0.62694946974423,0.37305053025577
3585,4784,0,4463,8369,4463,8048,4784,12832,4.8113985751781,0.652197630922693,0.347802369077307,0.627182044887781,0.372817955112219
3593,4784,0,4463,8377,4463,8056,4784,12840,4.81439820022497,0.652414330218068,0.347585669781931,0.627414330218069,0.372585669781931
3601,4784,0,4463,8385,4463,8064,4784,12848,4.81739782527184,0.652630759651308,0.347369240348692,0.627646326276463,0.372353673723537
3609,4784,0,4463,8393,4463,8072,4784,12856,4.82039745031871,0.652846919726198,0.347153080273802,0.627878033602987,0.372121966397013
3617,4784,0,4463,8401,4463,8080,4784,12864,4.82339707536558,0.653062810945274,0.346937189054726,0.628109452736318,0.371890547263682
3625,4784,0,4463,8409,4463,8088,4784,12872,4.82639670041245,0.65327843380982,0.34672156619018,0.628340584213797,0.371659415786203
3633,4784,0,4463,8417,4463,8096,4784,12880,4.82939632545932,0.653493788819876,0.346506211180124,0.628571428571429,0.371428571428571
3641,4784,0,4463,8425,4463,8104,4784,12888,4.83239595050619,0.65370887647424,0.34629112352576,0.628801986343886,0.371198013656114
3649,4784,0,4463,8433,4463,8112,4784,12896,4.83539557555306,0.653923697270472,0.346076302729529,0.629032258064516,0.370967741935484
3657,4784,0,4463,8441,4463,8120,4784,12904,4.83839520059993,0.654138251704898,0.345861748295102,0.629262244265344,0.370737755734656
3665,4784,0,4463,8449,4463,8128,4784,12912,4.84139482564679,0.654352540272615,0.345647459727385,0.629491945477076,0.370508054522924
3673,4784,0,4463,8457,4463,8136,4784,12920,4.84439445069366,0.654566563467492,0.345433436532508,0.629721362229102,0.370278637770898
3681,4784,0,4463,8465,4463,8144,4784,12928,4.84739407574053,0.654780321782178,0.345219678217822,0.629950495049505,0.370049504950495
3689,4784,0,4463,8473,4463,8152,4784,12936,4.8503937007874,0.654993815708101,0.345006184291899,0.630179344465059,0.369820655534941
3697,4784,0,4463,8481,4463,8160,4784,12944,4.85339332583427,0.655207045735476,0.344792954264524,0.630407911001236,0.369592088998764
3705,4784,0,4463,8489,4463,8168,4784,12952,4.85639295088114,0.655420012353304,0.344579987646696,0.630636195182211,0.369363804817789
3713,4784,0,4463,8497,4463,8176,4784,12960,4.85939257592801,0.655632716049383,0.344367283950617,0.630864197530864,0.369135802469136
3721,4784,0,4463,8505,4463,8184,4784,12968,4.86239220097488,0.655845157310302,0.344154842689698,0.631091918568785,0.368908081431215
3729,4784,0,4463,8513,4463,8192,4784,12976,4.86539182602175,0.656057336621455,0.343942663378545,0.631319358816276,0.368680641183724
3737,4784,0,4463,8521,4463,8200,4784,12984,4.86839145106862,0.656269254467036,0.343730745532964,0.63154651879236,0.36845348120764
3745,4784,0,4463,8529,4463,8208,4784,12992,4.87139107611549,0.656480911330049,0.343519088669951,0.631773399014778,0.368226600985222
3753,4784,0,4463,8537,4463,8216,4784,13000,4.87439070116235,0.656692307692308,0.343307692307692,0.632,0.368
3761,4784,0,4463,8545,4463,8224,4784,13008,4.87739032620922,0.65690344403444,0.34309655596556,0.632226322263223,0.367773677736777
3769,4784,0,4463,8553,4463,8232,4784,13016,4.88038995125609,0.657114320835894,0.342885679164106,0.632452366318377,0.367547633681623
3771,4787,0,4466,8558,4466,8237,4787,13024,4.88338957630296,0.657094594594595,0.342905405405405,0.632447788697789,0.367552211302211
3771,4790,0,4471,8561,4471,8242,4790,13032,4.88638920134983,0.656921424186618,0.343078575813382,0.63244321669736,0.36755678330264
3771,4793,0,4476,8564,4476,8247,4793,13040,4.8893888263967,0.656748466257669,0.343251533742331,0.632438650306749,0.367561349693252
3771,4796,0,4481,8567,4481,8252,4796,13048,4.89238845144357,0.656575720416922,0.343424279583078,0.632434089515635,0.367565910484365
3771,4799,0,4486,8570,4486,8257,4799,13056,4.89538807649044,0.65640318627451,0.34359681372549,0.632429534313726,0.367570465686274
3771,4802,0,4491,8573,4491,8262,4802,13064,4.89838770153731,0.656230863441519,0.343769136558481,0.632424984690753,0.367575015309247
3771,4805,0,4496,8576,4496,8267,4805,13072,4.90138732658418,0.656058751529988,0.343941248470012,0.632420440636475,0.367579559363525
3771,4808,0,4501,8579,4501,8272,4808,13080,4.90438695163105,0.655886850152905,0.344113149847095,0.632415902140673,0.367584097859327
3771,4811,0,4506,8582,4506,8277,4811,13088,4.90738657667792,0.655715158924205,0.344284841075795,0.632411369193154,0.367588630806846
3771,4814,0,4511,8585,4511,8282,4814,13096,4.91038620172478,0.655543677458766,0.344456322541234,0.632406841783751,0.367593158216249
3771,4817,0,4516,8588,4516,8287,4817,13104,4.91338582677165,0.655372405372405,0.344627594627595,0.63240231990232,0.36759768009768
3771,4820,0,4521,8591,4521,8292,4820,13112,4.91638545181852,0.655201342281879,0.344798657718121,0.632397803538743,0.367602196461257
3777,4820,0,4523,8597,4523,8300,4820,13120,4.91938507686539,0.655259146341463,0.344740853658537,0.632621951219512,0.367378048780488
3785,4820,0,4523,8605,4523,8308,4820,13128,4.92238470191226,0.655469226081657,0.344530773918342,0.632845825716027,0.367154174283973
3793,4820,0,4523,8613,4523,8316,4820,13136,4.92538432695913,0.655679049939099,0.344320950060901,0.633069427527406,0.366930572472594
3801,4820,0,4523,8621,4523,8324,4820,13144,4.928383952006,0.65588861838101,0.34411138161899,0.633292757151552,0.366707242848448
3809,4820,0,4523,8629,4523,8332,4820,13152,4.93138357705287,0.656097931873479,0.343902068126521,0.633515815085158,0.366484184914842
3817,4820,0,4523,8637,4523,8340,4820,13160,4.93438320209974,0.656306990881459,0.343693009118541,0.633738601823708,0.366261398176292
3825,4820,0,4523,8645,4523,8348,4820,13168,4.93738282714661,0.656515795868773,0.343484204131227,0.633961117861482,0.366038882138518
3833,4820,0,4523,8653,4523,8356,4820,13176,4.94038245219348,0.656724347298118,0.343275652701882,0.63418336369156,0.36581663630844
3841,4820,0,4523,8661,4523,8364,4820,13184,4.94338207724035,0.656932645631068,0.343067354368932,0.634405339805825,0.365594660194175
3849,4820,0,4523,8669,4523,8372,4820,13192,4.94638170228721,0.657140691328078,0.342859308671922,0.634627046694967,0.365372953305033
3857,4820,0,4523,8677,4523,8380,4820,13200,4.94938132733408,0.657348484848485,0.342651515151515,0.634848484848485,0.365151515151515
3865,4820,0,4523,8685,4523,8388,4820,13208,4.95238095238095,0.657556026650515,0.342443973349485,0.635069654754694,0.364930345245306
3873,4820,0,4523,8693,4523,8396,4820,13216,4.95538057742782,0.657763317191283,0.342236682808717,0.635290556900726,0.364709443099274
3881,4820,0,4523,8701,4523,8404,4820,13224,4.95838020247469,0.6579703569268,0.3420296430732,0.635511191772535,0.364488808227465
3889,4820,0,4523,8709,4523,8412,4820,13232,4.96137982752156,0.658177146311971,0.341822853688029,0.635731559854897,0.364268440145103
3897,4820,0,4523,8717,4523,8420,4820,13240,4.96437945256843,0.658383685800604,0.341616314199396,0.63595166163142,0.36404833836858
3905,4820,0,4523,8725,4523,8428,4820,13248,4.9673790776153,0.658589975845411,0.341410024154589,0.636171497584541,0.363828502415459
3913,4820,0,4523,8733,4523,8436,4820,13256,4.97037870266217,0.658796016898008,0.341203983101992,0.636391068195534,0.363608931804466
3921,4820,0,4523,8741,4523,8444,4820,13264,4.97337832770904,0.659001809408926,0.340998190591074,0.636610373944511,0.363389626055489
3929,4820,0,4523,8749,4523,8452,4820,13272,4.97637795275591,0.659207353827607,0.340792646172393,0.636829415310428,0.363170584689572
3937,4820,0,4523,8757,4523,8460,4820,13280,4.97937757780277,0.65941265060241,0.34058734939759,0.637048192771084,0.362951807228916
3945,4820,0,4523,8765,4523,8468,4820,13288,4.98237720284964,0.659617700180614,0.340382299819386,0.637266706803131,0.362733293196869
3953,4820,0,4523,8773,4523,8476,4820,13296,4.98537682789651,0.659822503008424,0.340177496991576,0.63748495788207,0.36251504211793
3961,4820,0,4523,8781,4523,8484,4820,13304,4.98837645294338,0.660027059530968,0.339972940469032,0.637702946482261,0.362297053517739
3969,4820,0,4523,8789,4523,8492,4820,13312,4.99137607799025,0.660231370192308,0.339768629807692,0.637920673076923,0.362079326923077
3977,4820,0,4523,8797,4523,8500,4820,13320,4.99437570303712,0.660435435435435,0.339564564564565,0.638138138138138,0.361861861861862
3985,4820,0,4523,8805,4523,8508,4820,13328,4.99737532808399,0.660639255702281,0.339360744297719,0.638355342136855,0.361644657863145
3993,4820,0,4523,8813,4523,8516,4820,13336,5.00037495313086,0.660842831433713,0.339157168566287,0.638572285542891,0.361427714457109
4001,4820,0,4523,8821,4523,8524,4820,13344,5.00337457817773,0.661046163069544,0.338953836930456,0.63878896882494,0.36121103117506
4009,4820,0,4523,8829,4523,8532,4820,13352,5.0063742032246,0.661249251048532,0.338750748951468,0.639005392450569,0.360994607549431
4017,4820,0,4523,8837,4523,8540,4820,13360,5.00937382827147,0.661452095808383,0.338547904191617,0.639221556886228,0.360778443113772
4025,4820,0,4523,8845,4523,8548,4820,13368,5.01237345331834,0.661654697785757,0.338345302214243,0.639437462597247,0.360562537402753
4033,4820,0,4523,8853,4523,8556,4820,13376,5.0153730783652,0.661857057416268,0.338142942583732,0.639653110047847,0.360346889952153
4041,4820,0,4523,8861,4523,8564,4820,13384,5.01837270341207,0.662059175134489,0.337940824865511,0.639868499701136,0.360131500298864
4049,4820,0,4523,8869,4523,8572,4820,13392,5.02137232845894,0.662261051373955,0.337738948626045,0.640083632019116,0.359916367980884
4057,4820,0,4523,8877,4523,8580,4820,13400,5.02437195350581,0.662462686567164,0.337537313432836,0.640298507462687,0.359701492537313
4065,4820,0,4523,8885,4523,8588,4820,13408,5.02737157855268,0.662664081145585,0.337335918854415,0.640513126491647,0.359486873508353
4073,4820,0,4523,8893,4523,8596,4820,13416,5.03037120359955,0.662865235539654,0.337134764460346,0.640727489564699,0.359272510435301
4081,4820,0,4523,8901,4523,8604,4820,13424,5.03337082864642,0.663066150178784,0.336933849821216,0.640941597139452,0.359058402860548
4089,4820,0,4523,8909,4523,8612,4820,13432,5.03637045369329,0.663266825491364,0.336733174508636,0.641155449672424,0.358844550327576
4097,4820,0,4523,8917,4523,8620,4820,13440,5.03937007874016,0.663467261904762,0.336532738095238,0.641369047619048,0.358630952380952
4105,4820,0,4523,8925,4523,8628,4820,13448,5.04236970378703,0.66366745984533,0.33633254015467,0.64158239143367,0.35841760856633
4113,4820,0,4523,8933,4523,8636,4820,13456,5.0453693288339,0.663867419738407,0.336132580261593,0.64179548156956,0.35820451843044
4121,4820,0,4523,8941,4523,8644,4820,13464,5.04836895388076,0.664067142008319,0.335932857991682,0.642008318478907,0.357991681521093
4129,4820,0,4523,8949,4523,8652,4820,13472,5.05136857892763,0.664266627078385,0.335733372921615,0.642220902612827,0.357779097387173
4137,4820,0,4523,8957,4523,8660,4820,13480,5.0543682039745,0.66446587537092,0.33553412462908,0.642433234421365,0.357566765578635
4145,4820,0,4523,8965,4523,8668,4820,13488,5.05736782902137,0.664664887307236,0.335335112692764,0.642645314353499,0.357354685646501
4153,4820,0,4523,8973,4523,8676,4820,13496,5.06036745406824,0.664863663307647,0.335136336692353,0.642857142857143,0.357142857142857
4161,4820,0,4523,8981,4523,8684,4820,13504,5.06336707911511,0.665062203791469,0.334937796208531,0.643068720379147,0.356931279620853
4169,4820,0,4523,8989,4523,8692,4820,13512,5.06636670416198,0.665260509177028,0.334739490822972,0.643280047365305,0.356719952634695
4177,4820,0,4523,8997,4523,8700,4820,13520,5.06936632920885,0.665458579881657,0.334541420118343,0.643491124260355,0.356508875739645
4185,4820,0,4523,9005,4523,8708,4820,13528,5.07236595425572,0.665656416321703,0.334343583678297,0.643701951507983,0.356298048492017
4193,4820,0,4523,9013,4523,8716,4820,13536,5.07536557930259,0.66585401891253,0.33414598108747,0.643912529550827,0.356087470449173
4201,4820,0,4523,9021,4523,8724,4820,13544,5.07836520434946,0.666051388068517,0.333948611931483,0.644122858830478,0.355877141169522
4209,4820,0,4523,9029,4523,8732,4820,13552,5.08136482939633,0.66624852420307,0.33375147579693,0.644332939787485,0.355667060212515
4217,4820,0,4523,9037,4523,8740,4820,13560,5.0843644544432,0.666445427728614,0.333554572271386,0.644542772861357,0.355457227138643
4225,4820,0,4523,9045,4523,8748,4820,13568,5.08736407949006,0.666642099056604,0.333357900943396,0.644752358490566,0.355247641509434
4233,4820,0,4523,9053,4523,8756,4820,13576,5.09036370453693,0.666838538597525,0.333161461402475,0.644961697112552,0.355038302887448
4241,4820,0,4523,9061,4523,8764,4820,13584,5.0933633295838,0.667034746760895,0.332965253239105,0.645170789163722,0.354829210836278
4249,4820,0,4523,9069,4523,8772,4820,13592,5.09636295463067,0.667230723955268,0.332769276044732,0.645379635079459,0.354620364920542
4257,4820,0,4523,9077,4523,8780,4820,13600,5.09936257967754,0.667426470588235,0.332573529411765,0.645588235294118,0.354411764705882
4265,4820,0,4523,9085,4523,8788,4820,13608,5.10236220472441,0.667621987066432,0.332378012933569,0.645796590241035,0.354203409758965
4273,4820,0,4523,9093,4523,8796,4820,13616,5.10536182977128,0.667817273795535,0.332182726204465,0.646004700352526,0.353995299647474
4281,4820,0,4523,9101,4523,8804,4820,13624,5.10836145481815,0.66801233118027,0.33198766881973,0.646212566059894,0.353787433940106
4289,4820,0,4523,9109,4523,8812,4820,13632,5.11136107986502,0.668207159624413,0.331792840375587,0.646420187793427,0.353579812206573
4297,4820,0,4523,9117,4523,8820,4820,13640,5.11436070491189,0.668401759530792,0.331598240469208,0.646627565982405,0.353372434017595
4305,4820,0,4523,9125,4523,8828,4820,13648,5.11736032995876,0.66859613130129,0.33140386869871,0.6468347010551,0.3531652989449
4313,4820,0,4523,9133,4523,8836,4820,13656,5.12035995500562,0.668790275336848,0.331209724663152,0.647041593438782,0.352958406561219
4321,4820,0,4523,9141,4523,8844,4820,13664,5.12335958005249,0.668984192037471,0.331015807962529,0.647248243559719,0.352751756440281
4329,4820,0,4523,9149,4523,8852,4820,13672,5.12635920509936,0.669177881802223,0.330822118197776,0.647454651843183,0.352545348156817
4337,4820,0,4523,9157,4523,8860,4820,13680,5.12935883014623,0.66937134502924,0.33062865497076,0.64766081871345,0.35233918128655
4345,4820,0,4523,9165,4523,8868,4820,13688,5.1323584551931,0.669564582115722,0.330435417884278,0.647866744593805,0.352133255406195
4353,4820,0,4523,9173,4523,8876,4820,13696,5.13535808023997,0.669757593457944,0.330242406542056,0.648072429906542,0.351927570093458
4361,4820,0,4523,9181,4523,8884,4820,13704,5.13835770528684,0.669950379451255,0.330049620548745,0.648277875072971,0.351722124927029
4369,4820,0,4523,9189,4523,8892,4820,13712,5.14135733033371,0.670142940490082,0.329857059509918,0.648483080513419,0.351516919486581
4377,4820,0,4523,9197,4523,8900,4820,13720,5.14435695538058,0.67033527696793,0.32966472303207,0.64868804664723,0.35131195335277
4385,4820,0,4523,9205,4523,8908,4820,13728,5.14735658042745,0.670527389277389,0.329472610722611,0.648892773892774,0.351107226107226
4393,4820,0,4523,9213,4523,8916,4820,13736,5.15035620547432,0.670719277810134,0.329280722189866,0.649097262667443,0.350902737332557
4401,4820,0,4523,9221,4523,8924,4820,13744,5.15335583052118,0.670910942956927,0.329089057043073,0.64930151338766,0.35069848661234
4409,4820,0,4523,9229,4523,8932,4820,13752,5.15635545556805,0.671102385107621,0.328897614892379,0.649505526468877,0.350494473531123
4417,4820,0,4523,9237,4523,8940,4820,13760,5.15935508061492,0.671293604651163,0.328706395348837,0.649709302325581,0.350290697674419
4425,4820,0,4523,9245,4523,8948,4820,13768,5.16235470566179,0.671484601975596,0.328515398024404,0.649912841371296,0.350087158628704
4433,4820,0,4523,9253,4523,8956,4820,13776,5.16535433070866,0.67167537746806,0.32832462253194,0.650116144018583,0.349883855981417
4441,4820,0,4523,9261,4523,8964,4820,13784,5.16835395575553,0.6718659315148,0.3281340684852,0.650319210679048,0.349680789320952
4449,4820,0,4523,9269,4523,8972,4820,13792,5.1713535808024,0.67205626450116,0.32794373549884,0.650522041763341,0.349477958236659
4457,4820,0,4523,9277,4523,8980,4820,13800,5.17435320584927,0.672246376811594,0.327753623188406,0.650724637681159,0.349275362318841
4465,4820,0,4523,9285,4523,8988,4820,13808,5.17735283089614,0.672436268829664,0.327563731170336,0.650926998841251,0.349073001158749
4473,4820,0,4523,9293,4523,8996,4820,13816,5.18035245594301,0.672625940938043,0.327374059061957,0.651129125651419,0.348870874348581
4481,4820,0,4523,9301,4523,9004,4820,13824,5.18335208098988,0.672815393518518,0.327184606481481,0.651331018518518,0.348668981481481
4489,4820,0,4523,9309,4523,9012,4820,13832,5.18635170603675,0.673004626951995,0.326995373048005,0.651532677848467,0.348467322151533
4497,4820,0,4523,9317,4523,9020,4820,13840,5.18935133108361,0.673193641618497,0.326806358381503,0.651734104046243,0.348265895953757
4505,4820,0,4523,9325,4523,9028,4820,13848,5.19235095613048,0.673382437897169,0.326617562102831,0.651935297515887,0.348064702484113
4513,4820,0,4523,9333,4523,9036,4820,13856,5.19535058117735,0.673571016166282,0.326428983833718,0.652136258660508,0.347863741339492
4521,4820,0,4523,9341,4523,9044,4820,13864,5.19835020622422,0.673759376803231,0.326240623196769,0.652336987882285,0.347663012117715
4529,4820,0,4523,9349,4523,9052,4820,13872,5.20134983127109,0.673947520184544,0.326052479815456,0.652537485582468,0.347462514417532
4537,4820,0,4523,9357,4523,9060,4820,13880,5.20434945631796,0.674135446685879,0.325864553314121,0.652737752161383,0.347262247838617
4545,4820,0,4523,9365,4523,9068,4820,13888,5.20734908136483,0.674323156682028,0.325676843317972,0.652937788018433,0.347062211981567
4553,4820,0,4523,9373,4523,9076,4820,13896,5.2103487064117,0.67451065054692,0.32548934945308,0.653137593552101,0.346862406447899
4561,4820,0,4523,9381,4523,9084,4820,13904,5.21334833145857,0.674697928653625,0.325302071346375,0.653337169159954,0.346662830840046
4569,4820,0,4523,9389,4523,9092,4820,13912,5.21634795650544,0.674884991374353,0.325115008625647,0.653536515238643,0.346463484761357
4577,4820,0,4523,9397,4523,9100,4820,13920,5.21934758155231,0.67507183908046,0.32492816091954,0.653735632183908,0.346264367816092
4585,4820,0,4523,9405,4523,9108,4820,13928,5.22234720659918,0.675258472142447,0.324741527857553,0.65393452039058,0.34606547960942
4593,4820,0,4523,9413,4523,9116,4820,13936,5.22534683164604,0.675444890929966,0.324555109070034,0.654133180252583,0.345866819747417
4601,4820,0,4523,9421,4523,9124,4820,13944,5.22834645669291,0.675631095811819,0.324368904188181,0.654331612162937,0.345668387837063
4609,4820,0,4523,9429,4523,9132,4820,13952,5.23134608173978,0.675817087155963,0.324182912844037,0.654529816513762,0.345470183486239
4617,4820,0,4523,9437,4523,9140,4820,13960,5.23434570678665,0.676002865329513,0.323997134670487,0.654727793696275,0.345272206303725
4625,4820,0,4523,9445,4523,9148,4820,13968,5.23734533183352,0.67618843069874,0.32381156930126,0.654925544100802,0.345074455899198
4633,4820,0,4523,9453,4523,9156,4820,13976,5.24034495688039,0.676373783629078,0.323626216370922,0.655123068116772,0.344876931883228
4641,4820,0,4523,9461,4523,9164,4820,13984,5.24334458192726,0.676558924485126,0.323441075514874,0.655320366132723,0.344679633867277
4649,4820,0,4523,9469,4523,9172,4820,13992,5.24634420697413,0.676743853630646,0.323256146369354,0.655517438536307,0.344482561463694
4657,4820,0,4523,9477,4523,9180,4820,14000,5.249343832021,0.676928571428571,0.323071428571429,0.655714285714286,0.344285714285714
4665,4820,0,4523,9485,4523,9188,4820,14008,5.25234345706787,0.677113078241005,0.322886921758995,0.655910908052541,0.344089091947459
4673,4820,0,4523,9493,4523,9196,4820,14016,5.25534308211474,0.677297374429224,0.322702625570776,0.656107305936073,0.343892694063927
4681,4820,0,4523,9501,4523,9204,4820,14024,5.2583427071616,0.677481460353679,0.322518539646321,0.656303479749002,0.343696520250998
4689,4820,0,4523,9509,4523,9212,4820,14032,5.26134233220847,0.677665336374002,0.322334663625998,0.656499429874572,0.343500570125428
4697,4820,0,4523,9517,4523,9220,4820,14040,5.26434195725534,0.677849002849003,0.322150997150997,0.656695156695157,0.343304843304843
4705,4820,0,4523,9525,4523,9228,4820,14048,5.26734158230221,0.678032460136674,0.321967539863326,0.656890660592255,0.343109339407745
4713,4820,0,4523,9533,4523,9236,4820,14056,5.27034120734908,0.678215708594195,0.321784291405805,0.6570859419465,0.3429140580535
4721,4820,0,4523,9541,4523,9244,4820,14064,5.27334083239595,0.678398748577929,0.321601251422071,0.657281001137656,0.342718998862344
4729,4820,0,4523,9549,4523,9252,4820,14072,5.27634045744282,0.678581580443434,0.321418419556566,0.657475838544628,0.342524161455372
4737,4820,0,4523,9557,4523,9260,4820,14080,5.27934008248969,0.678764204545455,0.321235795454545,0.657670454545455,0.342329545454545
4745,4820,0,4523,9565,4523,9268,4820,14088,5.28233970753656,0.678946621237933,0.321053378762067,0.65786484951732,0.34213515048268
4753,4820,0,4523,9573,4523,9276,4820,14096,5.28533933258343,0.679128830874007,0.320871169125993,0.658059023836549,0.341940976163451
4761,4820,0,4523,9581,4523,9284,4820,14104,5.2883389576303,0.679310833806012,0.320689166193988,0.658252977878616,0.341747022121384
4769,4820,0,4523,9589,4523,9292,4820,14112,5.29133858267717,0.679492630385488,0.320507369614512,0.658446712018141,0.341553287981859
4777,4820,0,4523,9597,4523,9300,4820,14120,5.29433820772403,0.679674220963173,0.320325779036827,0.658640226628895,0.341359773371105
4785,4820,0,4523,9605,4523,9308,4820,14128,5.2973378327709,0.679855605889015,0.320144394110985,0.658833522083805,0.341166477916195
4793,4820,0,4523,9613,4523,9316,4820,14136,5.30033745781777,0.680036785512168,0.319963214487832,0.659026598754952,0.340973401245048
4801,4820,0,4523,9621,4523,9324,4820,14144,5.30333708286464,0.680217760180995,0.319782239819005,0.659219457013575,0.340780542986425
4809,4820,0,4523,9629,4523,9332,4820,14152,5.30633670791151,0.680398530243075,0.319601469756925,0.659412097230073,0.340587902769927
4817,4820,0,4523,9637,4523,9340,4820,14160,5.30933633295838,0.680579096045198,0.319420903954802,0.659604519774011,0.340395480225989
4825,4820,0,4523,9645,4523,9348,4820,14168,5.31233595800525,0.680759457933371,0.319240542066629,0.659796725014116,0.340203274985884
4831,4820,0,4525,9651,4525,9356,4820,14176,5.31533558305212,0.680798532731377,0.319201467268623,0.659988713318284,0.340011286681716
4831,4822,0,4531,9653,4531,9362,4822,14184,5.31833520809899,0.680555555555556,0.319444444444444,0.660039481105471,0.339960518894529
4837,4824,0,4531,9661,4531,9368,4824,14192,5.32133483314586,0.680735625704622,0.319264374295378,0.660090191657272,0.339909808342728
4845,4824,0,4531,9669,4531,9376,4824,14200,5.32433445819273,0.680915492957746,0.319084507042254,0.660281690140845,0.339718309859155
4853,4824,0,4531,9677,4531,9384,4824,14208,5.3273340832396,0.681095157657658,0.318904842342342,0.660472972972973,0.339527027027027
4861,4824,0,4531,9685,4531,9392,4824,14216,5.33033370828646,0.681274620146314,0.318725379853686,0.660664040517727,0.339335959482274
4869,4824,0,4531,9693,4531,9400,4824,14224,5.33333333333333,0.681453880764904,0.318546119235096,0.660854893138358,0.339145106861642
4877,4824,0,4531,9701,4531,9408,4824,14232,5.3363329583802,0.68163293985385,0.31836706014615,0.661045531197302,0.338954468802698
4885,4824,0,4531,9709,4531,9416,4824,14240,5.33933258342707,0.681811797752809,0.318188202247191,0.66123595505618,0.33876404494382
4893,4824,0,4531,9717,4531,9424,4824,14248,5.34233220847394,0.681990454800674,0.318009545199326,0.6614261650758,0.3385738349242
4901,4824,0,4531,9725,4531,9432,4824,14256,5.34533183352081,0.682168911335578,0.317831088664422,0.661616161616162,0.338383838383838
4909,4824,0,4531,9733,4531,9440,4824,14264,5.34833145856768,0.682347167694896,0.317652832305104,0.661805945036455,0.338194054963545
4917,4824,0,4531,9741,4531,9448,4824,14272,5.35133108361455,0.682525224215247,0.317474775784753,0.661995515695067,0.338004484304933
4925,4824,0,4531,9749,4531,9456,4824,14280,5.35433070866142,0.682703081232493,0.317296918767507,0.66218487394958,0.33781512605042
4933,4824,0,4531,9757,4531,9464,4824,14288,5.35733033370829,0.682880739081747,0.317119260918253,0.662374020156775,0.337625979843225
4941,4824,0,4531,9765,4531,9472,4824,14296,5.36032995875516,0.68305819809737,0.31694180190263,0.662562954672636,0.337437045327364
4949,4824,0,4531,9773,4531,9480,4824,14304,5.36332958380202,0.683235458612975,0.316764541387025,0.662751677852349,0.337248322147651
4957,4824,0,4531,9781,4531,9488,4824,14312,5.36632920884889,0.683412520961431,0.316587479038569,0.662940190050307,0.337059809949693
4965,4824,0,4531,9789,4531,9496,4824,14320,5.36932883389576,0.68358938547486,0.31641061452514,0.663128491620112,0.336871508379888
4973,4824,0,4531,9797,4531,9504,4824,14328,5.37232845894263,0.683766052484646,0.316233947515355,0.663316582914573,0.336683417085427
4981,4824,0,4531,9805,4531,9512,4824,14336,5.3753280839895,0.683942522321429,0.316057477678571,0.663504464285714,0.336495535714286
4989,4824,0,4531,9813,4531,9520,4824,14344,5.37832770903637,0.684118795315114,0.315881204684886,0.663692136084774,0.336307863915226
4997,4824,0,4531,9821,4531,9528,4824,14352,5.38132733408324,0.684294871794872,0.315705128205128,0.663879598662207,0.336120401337793
5005,4824,0,4531,9829,4531,9536,4824,14360,5.38432695913011,0.684470752089136,0.315529247910864,0.664066852367688,0.335933147632312
5013,4824,0,4531,9837,4531,9544,4824,14368,5.38732658417698,0.684646436525613,0.315353563474388,0.664253897550111,0.335746102449889
5021,4824,0,4531,9845,4531,9552,4824,14376,5.39032620922385,0.684821925431274,0.315178074568726,0.664440734557596,0.335559265442404
5029,4824,0,4531,9853,4531,9560,4824,14384,5.39332583427072,0.684997219132369,0.315002780867631,0.664627363737486,0.335372636262514
5037,4824,0,4531,9861,4531,9568,4824,14392,5.39632545931758,0.685172317954419,0.314827682045581,0.664813785436354,0.335186214563646
5045,4824,0,4531,9869,4531,9576,4824,14400,5.39932508436445,0.685347222222222,0.314652777777778,0.665,0.335
5053,4824,0,4531,9877,4531,9584,4824,14408,5.40232470941132,0.685521932259856,0.314478067740144,0.665186007773459,0.334813992226541
5061,4824,0,4531,9885,4531,9592,4824,14416,5.40532433445819,0.685696448390677,0.314303551609323,0.665371809100999,0.334628190899001
5069,4824,0,4531,9893,4531,9600,4824,14424,5.40832395950506,0.685870770937327,0.314129229062673,0.665557404326123,0.334442595673877
5077,4824,0,4531,9901,4531,9608,4824,14432,5.41132358455193,0.686044900221729,0.313955099778271,0.665742793791574,0.334257206208426
5085,4824,0,4531,9909,4531,9616,4824,14440,5.4143232095988,0.686218836565097,0.313781163434903,0.665927977839335,0.334072022160665
5093,4824,0,4531,9917,4531,9624,4824,14448,5.41732283464567,0.686392580287929,0.313607419712071,0.666112956810631,0.333887043189369
5101,4824,0,4531,9925,4531,9632,4824,14456,5.42032245969254,0.686566131710017,0.313433868289983,0.666297731045932,0.333702268954068
5109,4824,0,4531,9933,4531,9640,4824,14464,5.42332208473941,0.686739491150443,0.313260508849558,0.666482300884956,0.333517699115044
5117,4824,0,4531,9941,4531,9648,4824,14472,5.42632170978628,0.686912658927584,0.313087341072416,0.666666666666667,0.333333333333333
5125,4824,0,4531,9949,4531,9656,4824,14480,5.42932133483315,0.687085635359116,0.312914364640884,0.666850828729282,0.333149171270718
5133,4824,0,4531,9957,4531,9664,4824,14488,5.43232095988002,0.68725842076201,0.31274157923799,0.667034787410271,0.332965212589729
5141,4824,0,4531,9965,4531,9672,4824,14496,5.43532058492688,0.687431015452539,0.312568984547461,0.667218543046358,0.332781456953642
5149,4824,0,4531,9973,4531,9680,4824,14504,5.43832020997375,0.687603419746277,0.312396580253723,0.667402095973525,0.332597904026475
5157,4824,0,4531,9981,4531,9688,4824,14512,5.44131983502062,0.687775633958104,0.312224366041896,0.667585446527012,0.332414553472988
5165,4824,0,4531,9989,4531,9696,4824,14520,5.44431946006749,0.687947658402204,0.312052341597796,0.667768595041322,0.332231404958678
5173,4824,0,4531,9997,4531,9704,4824,14528,5.44731908511436,0.68811949339207,0.31188050660793,0.66795154185022,0.33204845814978
5181,4824,0,4531,10005,4531,9712,4824,14536,5.45031871016123,0.688291139240506,0.311708860759494,0.668134287286736,0.331865712713264
5189,4824,0,4531,10013,4531,9720,4824,14544,5.4533183352081,0.688462596259626,0.311537403740374,0.668316831683168,0.331683168316832
5197,4824,0,4531,10021,4531,9728,4824,14552,5.45631796025497,0.688633864760858,0.311366135239142,0.668499175371083,0.331500824628917
5205,4824,0,4531,10029,4531,9736,4824,14560,5.45931758530184,0.688804945054945,0.311195054945055,0.668681318681319,0.331318681318681
5213,4824,0,4531,10037,4531,9744,4824,14568,5.46231721034871,0.688975837451949,0.311024162548051,0.668863261943987,0.331136738056013
5221,4824,0,4531,10045,4531,9752,4824,14576,5.46531683539558,0.689146542261251,0.310853457738749,0.669045005488474,0.330954994511526
5229,4824,0,4531,10053,4531,9760,4824,14584,5.46831646044244,0.689317059791552,0.310682940208448,0.669226549643445,0.330773450356555
5237,4824,0,4531,10061,4531,9768,4824,14592,5.47131608548931,0.689487390350877,0.310512609649123,0.669407894736842,0.330592105263158
5245,4824,0,4531,10069,4531,9776,4824,14600,5.47431571053618,0.689657534246575,0.310342465753425,0.66958904109589,0.33041095890411
5253,4824,0,4531,10077,4531,9784,4824,14608,5.47731533558305,0.689827491785323,0.310172508214677,0.669769989047098,0.330230010952903
5261,4824,0,4531,10085,4531,9792,4824,14616,5.48031496062992,0.689997263273125,0.310002736726875,0.669950738916256,0.330049261083744
5269,4824,0,4531,10093,4531,9800,4824,14624,5.48331458567679,0.690166849015317,0.309833150984683,0.670131291028446,0.329868708971554
5277,4824,0,4531,10101,4531,9808,4824,14632,5.48631421072366,0.690336249316566,0.309663750683434,0.670311645708037,0.329688354291963
5285,4824,0,4531,10109,4531,9816,4824,14640,5.48931383577053,0.690505464480874,0.309494535519126,0.670491803278689,0.329508196721311
5293,4824,0,4531,10117,4531,9824,4824,14648,5.4923134608174,0.690674494811578,0.309325505188422,0.670671764063353,0.329328235936647
5301,4824,0,4531,10125,4531,9832,4824,14656,5.49531308586427,0.690843340611354,0.309156659388646,0.67085152838428,0.329148471615721
5309,4824,0,4531,10133,4531,9840,4824,14664,5.49831271091114,0.691012002182215,0.308987997817785,0.671031096563011,0.328968903436989
5317,4824,0,4531,10141,4531,9848,4824,14672,5.50131233595801,0.691180479825518,0.308819520174482,0.671210468920393,0.328789531079607
5325,4824,0,4531,10149,4531,9856,4824,14680,5.50431196100487,0.691348773841962,0.308651226158038,0.671389645776567,0.328610354223433
5333,4824,0,4531,10157,4531,9864,4824,14688,5.50731158605174,0.69151688453159,0.30848311546841,0.67156862745098,0.32843137254902
5341,4824,0,4531,10165,4531,9872,4824,14696,5.51031121109861,0.691684812193794,0.308315187806206,0.671747414262384,0.328252585737616
5349,4824,0,4531,10173,4531,9880,4824,14704,5.51331083614548,0.691852557127312,0.308147442872688,0.671926006528836,0.328073993471164
5357,4824,0,4531,10181,4531,9888,4824,14712,5.51631046119235,0.692020119630234,0.307979880369766,0.6721044045677,0.3278955954323
5365,4824,0,4531,10189,4531,9896,4824,14720,5.51931008623922,0.6921875,0.3078125,0.672282608695652,0.327717391304348
5373,4824,0,4531,10197,4531,9904,4824,14728,5.52230971128609,0.692354698533406,0.307645301466594,0.67246061922868,0.32753938077132
5381,4824,0,4531,10205,4531,9912,4824,14736,5.52530933633296,0.692521715526601,0.307478284473398,0.672638436482085,0.327361563517915
5389,4824,0,4531,10213,4531,9920,4824,14744,5.52830896137983,0.692688551275095,0.307311448724905,0.672816060770483,0.327183939229517
5397,4824,0,4531,10221,4531,9928,4824,14752,5.5313085864267,0.692855206073753,0.307144793926247,0.672993492407809,0.327006507592191
5405,4824,0,4531,10229,4531,9936,4824,14760,5.53430821147357,0.693021680216802,0.306978319783198,0.673170731707317,0.326829268292683
5413,4824,0,4531,10237,4531,9944,4824,14768,5.53730783652044,0.693187973997833,0.306812026002167,0.673347778981582,0.326652221018418
5421,4824,0,4531,10245,4531,9952,4824,14776,5.5403074615673,0.6933540877098,0.3066459122902,0.673524634542501,0.326475365457499
5429,4824,0,4531,10253,4531,9960,4824,14784,5.54330708661417,0.693520021645022,0.306479978354978,0.673701298701299,0.326298701298701
5437,4824,0,4531,10261,4531,9968,4824,14792,5.54630671166104,0.693685776095187,0.306314223904813,0.673877771768523,0.326122228231476
5445,4824,0,4531,10269,4531,9976,4824,14800,5.54930633670791,0.693851351351351,0.306148648648649,0.674054054054054,0.325945945945946
5453,4824,0,4531,10277,4531,9984,4824,14808,5.55230596175478,0.694016747703944,0.305983252296056,0.674230145867099,0.325769854132901
5461,4824,0,4531,10285,4531,9992,4824,14816,5.55530558680165,0.694181965442765,0.305818034557235,0.674406047516199,0.325593952483801
5469,4824,0,4531,10293,4531,10000,4824,14824,5.55830521184852,0.694347004856989,0.305652995143011,0.674581759309228,0.325418240690772
5477,4824,0,4531,10301,4531,10008,4824,14832,5.56130483689539,0.694511866235167,0.305488133764833,0.674757281553398,0.325242718446602
5485,4824,0,4531,10309,4531,10016,4824,14840,5.56430446194226,0.694676549865229,0.305323450134771,0.674932614555256,0.325067385444744
5487,4826,0,4535,10313,4535,10022,4826,14848,5.56730408698913,0.694571659482759,0.305428340517241,0.674973060344828,0.325026939655172
5487,4830,0,4539,10317,4539,10026,4830,14856,5.570303712036,0.694466882067851,0.305533117932149,0.674878836833603,0.325121163166397
5487,4834,0,4543,10321,4543,10030,4834,14864,5.57330333708286,0.694362217438105,0.305637782561895,0.67478471474704,0.32521528525296
5487,4838,0,4547,10325,4547,10034,4838,14872,5.57630296212973,0.694257665411512,0.305742334588488,0.674690693921463,0.325309306078537
5487,4842,0,4551,10329,4551,10038,4842,14880,5.5793025871766,0.694153225806452,0.305846774193548,0.674596774193548,0.325403225806452
5487,4846,0,4555,10333,4555,10042,4846,14888,5.58230221222347,0.694048898441698,0.305951101558302,0.674502955400322,0.325497044599678
5487,4850,0,4559,10337,4559,10046,4850,14896,5.58530183727034,0.693944683136412,0.306055316863588,0.674409237379162,0.325590762620838
5487,4854,0,4563,10341,4563,10050,4854,14904,5.58830146231721,0.693840579710145,0.306159420289855,0.674315619967794,0.325684380032206
5487,4858,0,4567,10345,4567,10054,4858,14912,5.59130108736408,0.693736587982833,0.306263412017167,0.674222103004292,0.325777896995708
5487,4862,0,4571,10349,4571,10058,4862,14920,5.59430071241095,0.693632707774799,0.306367292225201,0.674128686327078,0.325871313672922
5487,4866,0,4575,10353,4575,10062,4866,14928,5.59730033745782,0.693528938906752,0.306471061093248,0.67403536977492,0.32596463022508
5487,4870,0,4579,10357,4579,10066,4870,14936,5.60029996250469,0.693425281199786,0.306574718800214,0.673942153186931,0.326057846813069
5487,4874,0,4583,10361,4583,10070,4874,14944,5.60329958755156,0.693321734475375,0.306678265524625,0.67384903640257,0.32615096359743
5487,4878,0,4587,10365,4587,10074,4878,14952,5.60629921259843,0.693218298555377,0.306781701444623,0.673756019261637,0.326243980738363
5487,4882,0,4591,10369,4591,10078,4882,14960,5.60929883764529,0.693114973262032,0.306885026737968,0.673663101604278,0.326336898395722
5487,4886,0,4595,10373,4595,10082,4886,14968,5.61229846269216,0.693011758417958,0.306988241582042,0.673570283270978,0.326429716729022
5493,4888,0,4595,10381,4595,10088,4888,14976,5.61529808773903,0.693175747863248,0.306824252136752,0.673611111111111,0.326388888888889
5494,4891,0,4599,10385,4599,10093,4891,14984,5.6182977127859,0.693072610784837,0.306927389215163,0.673585157501335,0.326414842498665
5494,4895,0,4603,10389,4603,10097,4895,14992,5.62129733783277,0.692969583778015,0.307030416221985,0.673492529348986,0.326507470651014
5494,4899,0,4607,10393,4607,10101,4899,15000,5.62429696287964,0.692866666666667,0.307133333333333,0.6734,0.3266
5494,4903,0,4611,10397,4611,10105,4903,15008,5.62729658792651,0.692763859275053,0.307236140724947,0.673307569296375,0.326692430703625
5494,4907,0,4615,10401,4615,10109,4907,15016,5.63029621297338,0.69266116142781,0.30733883857219,0.673215237080448,0.326784762919553
5494,4911,0,4619,10405,4619,10113,4911,15024,5.63329583802025,0.692558572949947,0.307441427050053,0.673123003194888,0.326876996805112
5494,4915,0,4623,10409,4623,10117,4915,15032,5.63629546306712,0.692456093666844,0.307543906333156,0.673030867482704,0.326969132517296
5494,4919,0,4627,10413,4627,10121,4919,15040,5.63929508811399,0.692353723404255,0.307646276595745,0.672938829787234,0.327061170212766
5494,4923,0,4631,10417,4631,10125,4923,15048,5.64229471316085,0.692251461988304,0.307748538011696,0.672846889952153,0.327153110047847
5494,4927,0,4635,10421,4635,10129,4927,15056,5.64529433820772,0.692149309245484,0.307850690754516,0.672755047821467,0.327244952178534
5494,4931,0,4639,10425,4639,10133,4931,15064,5.64829396325459,0.692047265002655,0.307952734997345,0.672663303239511,0.327336696760489
5494,4935,0,4643,10429,4643,10137,4935,15072,5.65129358830146,0.691945329087049,0.308054670912951,0.672571656050955,0.327428343949045
5494,4939,0,4647,10433,4647,10141,4939,15080,5.65429321334833,0.69184350132626,0.30815649867374,0.672480106100796,0.327519893899204
5494,4943,0,4651,10437,4651,10145,4943,15088,5.6572928383952,0.69174178154825,0.30825821845175,0.672388653234358,0.327611346765642
5494,4947,0,4655,10441,4655,10149,4947,15096,5.66029246344207,0.691640169581346,0.308359830418654,0.672297297297297,0.327702702702703
5494,4951,0,4659,10445,4659,10153,4951,15104,5.66329208848894,0.691538665254237,0.308461334745763,0.672206038135593,0.327793961864407
5494,4955,0,4663,10449,4663,10157,4955,15112,5.66629171353581,0.691437268395977,0.308562731604023,0.672114875595553,0.327885124404447
5494,4959,0,4667,10453,4667,10161,4959,15120,5.66929133858268,0.691335978835979,0.308664021164021,0.67202380952381,0.32797619047619
5494,4963,0,4671,10457,4671,10165,4963,15128,5.67229096362955,0.691234796404019,0.308765203595981,0.671932839767319,0.328067160232681
5494,4967,0,4675,10461,4675,10169,4967,15136,5.67529058867642,0.691133720930233,0.308866279069767,0.671841966173362,0.328158033826639
5494,4971,0,4679,10465,4679,10173,4971,15144,5.67829021372328,0.691032752245114,0.308967247754886,0.67175118858954,0.32824881141046
5494,4975,0,4683,10469,4683,10177,4975,15152,5.68128983877015,0.690931890179514,0.309068109820486,0.67166050686378,0.32833949313622
5494,4979,0,4687,10473,4687,10181,4979,15160,5.68428946381702,0.690831134564644,0.309168865435356,0.671569920844327,0.328430079155673
5494,4983,0,4691,10477,4691,10185,4983,15168,5.68728908886389,0.690730485232067,0.309269514767932,0.671479430379747,0.328520569620253
5494,4987,0,4695,10481,4695,10189,4987,15176,5.69028871391076,0.690629942013706,0.309370057986294,0.671389035318925,0.328610964681075
5494,4991,0,4699,10485,4699,10193,4991,15184,5.69328833895763,0.690529504741834,0.309470495258167,0.671298735511064,0.328701264488936
5494,4995,0,4703,10489,4703,10197,4995,15192,5.6962879640045,0.690429173249078,0.309570826750922,0.671208530805687,0.328791469194313
5496,4997,0,4707,10493,4707,10203,4997,15200,5.69928758905137,0.690328947368421,0.309671052631579,0.67125,0.32875
5504,4997,0,4707,10501,4707,10211,4997,15208,5.70228721409824,0.690491846396633,0.309508153603367,0.671422935297212,0.328577064702788
5512,4997,0,4707,10509,4707,10219,4997,15216,5.70528683914511,0.690654574132492,0.309345425867508,0.671595688748686,0.328404311251314
5520,4997,0,4707,10517,4707,10227,4997,15224,5.70828646419198,0.690817130846033,0.309182869153967,0.671768260641093,0.328231739358907
5528,4997,0,4707,10525,4707,10235,4997,15232,5.71128608923885,0.690979516806723,0.309020483193277,0.671940651260504,0.328059348739496
5536,4997,0,4707,10533,4707,10243,4997,15240,5.71428571428571,0.691141732283465,0.308858267716535,0.672112860892388,0.327887139107612
5544,4997,0,4707,10541,4707,10251,4997,15248,5.71728533933258,0.691303777544596,0.308696222455404,0.672284889821616,0.327715110178384
5552,4997,0,4707,10549,4707,10259,4997,15256,5.72028496437945,0.691465652857892,0.308534347142108,0.672456738332459,0.327543261667541
5560,4997,0,4707,10557,4707,10267,4997,15264,5.72328458942632,0.691627358490566,0.308372641509434,0.672628406708595,0.327371593291405
5568,4997,0,4707,10565,4707,10275,4997,15272,5.72628421447319,0.691788894709272,0.308211105290728,0.672799895233106,0.327200104766894
5576,4997,0,4707,10573,4707,10283,4997,15280,5.72928383952006,0.691950261780105,0.308049738219895,0.672971204188482,0.327028795811518
5584,4997,0,4707,10581,4707,10291,4997,15288,5.73228346456693,0.692111459968603,0.307888540031397,0.67314233385662,0.32685766614338
5592,4997,0,4707,10589,4707,10299,4997,15296,5.7352830896138,0.692272489539749,0.307727510460251,0.673313284518828,0.326686715481172
5600,4997,0,4707,10597,4707,10307,4997,15304,5.73828271466067,0.692433350757972,0.307566649242028,0.673484056455829,0.326515943544171
5608,4997,0,4707,10605,4707,10315,4997,15312,5.74128233970754,0.692594043887147,0.307405956112853,0.673654649947753,0.326345350052247
5616,4997,0,4707,10613,4707,10323,4997,15320,5.74428196475441,0.692754569190601,0.307245430809399,0.673825065274151,0.326174934725849
5624,4997,0,4707,10621,4707,10331,4997,15328,5.74728158980127,0.692914926931106,0.307085073068894,0.673995302713987,0.326004697286013
5632,4997,0,4707,10629,4707,10339,4997,15336,5.75028121484814,0.693075117370892,0.306924882629108,0.674165362545644,0.325834637454356
5640,4997,0,4707,10637,4707,10347,4997,15344,5.75328083989501,0.693235140771637,0.306764859228363,0.674335245046924,0.325664754953076
5648,4997,0,4707,10645,4707,10355,4997,15352,5.75628046494188,0.693394997394476,0.306605002605524,0.67450495049505,0.325495049504951
5656,4997,0,4707,10653,4707,10363,4997,15360,5.75928008998875,0.6935546875,0.3064453125,0.674674479166667,0.325325520833333
5664,4997,0,4707,10661,4707,10371,4997,15368,5.76227971503562,0.693714211348256,0.306285788651744,0.674843831337845,0.325156168662155
5672,4997,0,4707,10669,4707,10379,4997,15376,5.76527934008249,0.693873569198751,0.306126430801249,0.675013007284079,0.324986992715921
5680,4997,0,4707,10677,4707,10387,4997,15384,5.76827896512936,0.694032761310452,0.305967238689548,0.675182007280291,0.324817992719709
5688,4997,0,4707,10685,4707,10395,4997,15392,5.77127859017623,0.694191787941788,0.305808212058212,0.675350831600832,0.324649168399168
5696,4997,0,4707,10693,4707,10403,4997,15400,5.7742782152231,0.694350649350649,0.305649350649351,0.675519480519481,0.324480519480519
5704,4997,0,4707,10701,4707,10411,4997,15408,5.77727784026997,0.694509345794393,0.305490654205608,0.67568795430945,0.32431204569055
5712,4997,0,4707,10709,4707,10419,4997,15416,5.78027746531684,0.694667877529839,0.305332122470161,0.675856253243384,0.324143746756617
5720,4997,0,4707,10717,4707,10427,4997,15424,5.78327709036371,0.694826244813278,0.305173755186722,0.676024377593361,0.323975622406639
5728,4997,0,4707,10725,4707,10435,4997,15432,5.78627671541057,0.694984447900467,0.305015552099533,0.676192327630897,0.323807672369103
5736,4997,0,4707,10733,4707,10443,4997,15440,5.78927634045744,0.695142487046632,0.304857512953368,0.676360103626943,0.323639896373057
5744,4997,0,4707,10741,4707,10451,4997,15448,5.79227596550431,0.695300362506473,0.304699637493527,0.67652770585189,0.32347229414811
5752,4997,0,4707,10749,4707,10459,4997,15456,5.79527559055118,0.695458074534162,0.304541925465839,0.676695134575569,0.323304865424431
5760,4997,0,4707,10757,4707,10467,4997,15464,5.79827521559805,0.695615623383342,0.304384376616658,0.676862390067253,0.323137609932747
5768,4997,0,4707,10765,4707,10475,4997,15472,5.80127484064492,0.695773009307135,0.304226990692865,0.677029472595657,0.322970527404343
5776,4997,0,4707,10773,4707,10483,4997,15480,5.80427446569179,0.69593023255814,0.30406976744186,0.677196382428941,0.322803617571059
5784,4997,0,4707,10781,4707,10491,4997,15488,5.80727409073866,0.69608729338843,0.30391270661157,0.677363119834711,0.322636880165289
5792,4997,0,4707,10789,4707,10499,4997,15496,5.81027371578553,0.696244192049561,0.303755807950439,0.677529685080021,0.322470314919979
5800,4997,0,4707,10797,4707,10507,4997,15504,5.8132733408324,0.69640092879257,0.30359907120743,0.677696078431373,0.322303921568627
5808,4997,0,4707,10805,4707,10515,4997,15512,5.81627296587927,0.696557503867973,0.303442496132027,0.677862300154719,0.322137699845281
5816,4997,0,4707,10813,4707,10523,4997,15520,5.81927259092613,0.696713917525773,0.303286082474227,0.678028350515464,0.321971649484536
5824,4997,0,4707,10821,4707,10531,4997,15528,5.822272215973,0.696870170015456,0.303129829984544,0.678194229778465,0.321805770221535
5832,4997,0,4707,10829,4707,10539,4997,15536,5.82527184101987,0.697026261585994,0.302973738414006,0.678359938208033,0.321640061791967
5840,4997,0,4707,10837,4707,10547,4997,15544,5.82827146606674,0.697182192485847,0.302817807514153,0.678525476067936,0.321474523932064
5848,4997,0,4707,10845,4707,10555,4997,15552,5.83127109111361,0.697337962962963,0.302662037037037,0.678690843621399,0.321309156378601
5856,4997,0,4707,10853,4707,10563,4997,15560,5.83427071616048,0.697493573264781,0.302506426735218,0.678856041131105,0.321143958868895
5864,4997,0,4707,10861,4707,10571,4997,15568,5.83727034120735,0.697649023638232,0.302350976361768,0.679021068859198,0.320978931140802
5872,4997,0,4707,10869,4707,10579,4997,15576,5.84026996625422,0.697804314329738,0.302195685670262,0.679185927067283,0.320814072932717
5880,4997,0,4707,10877,4707,10587,4997,15584,5.84326959130109,0.697959445585216,0.302040554414784,0.679350616016427,0.320649383983573
5888,4997,0,4707,10885,4707,10595,4997,15592,5.84626921634796,0.698114417650077,0.301885582349923,0.679515135967163,0.320484864032837
5896,4997,0,4707,10893,4707,10603,4997,15600,5.84926884139483,0.698269230769231,0.301730769230769,0.679679487179487,0.320320512820513
5904,4997,0,4707,10901,4707,10611,4997,15608,5.85226846644169,0.698423885187084,0.301576114812916,0.679843669912865,0.320156330087135
5912,4997,0,4707,10909,4707,10619,4997,15616,5.85526809148856,0.698578381147541,0.301421618852459,0.68000768442623,0.319992315573771
5920,4997,0,4707,10917,4707,10627,4997,15624,5.85826771653543,0.698732718894009,0.301267281105991,0.680171530977983,0.319828469022017
5928,4997,0,4707,10925,4707,10635,4997,15632,5.8612673415823,0.698886898669396,0.301113101330604,0.680335209825998,0.319664790174002
5936,4997,0,4707,10933,4707,10643,4997,15640,5.86426696662917,0.699040920716113,0.300959079283887,0.680498721227621,0.319501278772378
5944,4997,0,4707,10941,4707,10651,4997,15648,5.86726659167604,0.699194785276074,0.300805214723926,0.680662065439673,0.319337934560327
5952,4997,0,4707,10949,4707,10659,4997,15656,5.87026621672291,0.6993484925907,0.3006515074093,0.680825242718447,0.319174757281553
5960,4997,0,4707,10957,4707,10667,4997,15664,5.87326584176978,0.699502042900919,0.300497957099081,0.680988253319714,0.319011746680286
5968,4997,0,4707,10965,4707,10675,4997,15672,5.87626546681665,0.699655436447167,0.300344563552833,0.681151097498724,0.318848902501276
5976,4997,0,4707,10973,4707,10683,4997,15680,5.87926509186352,0.699808673469388,0.300191326530612,0.681313775510204,0.318686224489796
5984,4997,0,4707,10981,4707,10691,4997,15688,5.88226471691039,0.699961754207037,0.300038245792963,0.681476287608363,0.318523712391637
5992,4997,0,4707,10989,4707,10699,4997,15696,5.88526434195726,0.700114678899083,0.299885321100917,0.681638634046891,0.318361365953109
6000,4997,0,4707,10997,4707,10707,4997,15704,5.88826396700412,0.700267447784004,0.299732552215996,0.681800815078961,0.318199184921039
6008,4997,0,4707,11005,4707,10715,4997,15712,5.89126359205099,0.700420061099796,0.299579938900204,0.68196283095723,0.31803716904277
6016,4997,0,4707,11013,4707,10723,4997,15720,5.89426321709786,0.700572519083969,0.299427480916031,0.682124681933842,0.317875318066158
6024,4997,0,4707,11021,4707,10731,4997,15728,5.89726284214473,0.70072482197355,0.29927517802645,0.682286368260427,0.317713631739573
6032,4997,0,4707,11029,4707,10739,4997,15736,5.9002624671916,0.700876970005084,0.299123029994916,0.682447890188104,0.317552109811896
6040,4997,0,4707,11037,4707,10747,4997,15744,5.90326209223847,0.701028963414634,0.298971036585366,0.68260924796748,0.31739075203252
6048,4997,0,4707,11045,4707,10755,4997,15752,5.90626171728534,0.701180802437786,0.298819197562214,0.682770441848654,0.317229558151346
6056,4997,0,4707,11053,4707,10763,4997,15760,5.90926134233221,0.701332487309645,0.298667512690355,0.682931472081218,0.317068527918782
6064,4997,0,4707,11061,4707,10771,4997,15768,5.91226096737908,0.70148401826484,0.29851598173516,0.683092338914257,0.316907661085743
6072,4997,0,4707,11069,4707,10779,4997,15776,5.91526059242595,0.701635395537525,0.298364604462475,0.683253042596349,0.316746957403651
6080,4997,0,4707,11077,4707,10787,4997,15784,5.91826021747282,0.701786619361379,0.298213380638621,0.68341358337557,0.31658641662443
6088,4997,0,4707,11085,4707,10795,4997,15792,5.92125984251969,0.701937689969605,0.298062310030395,0.683573961499493,0.316426038500507
6096,4997,0,4707,11093,4707,10803,4997,15800,5.92425946756655,0.702088607594937,0.297911392405063,0.68373417721519,0.31626582278481
6104,4997,0,4707,11101,4707,10811,4997,15808,5.92725909261342,0.702239372469636,0.297760627530364,0.683894230769231,0.316105769230769
6112,4997,0,4707,11109,4707,10819,4997,15816,5.93025871766029,0.702389984825493,0.297610015174507,0.684054122407688,0.315945877592312
6120,4997,0,4707,11117,4707,10827,4997,15824,5.93325834270716,0.702540444893832,0.297459555106168,0.684213852376138,0.315786147623862
6128,4997,0,4707,11125,4707,10835,4997,15832,5.93625796775403,0.702690752905508,0.297309247094492,0.684373420919656,0.315626579080344
6136,4997,0,4707,11133,4707,10843,4997,15840,5.9392575928009,0.702840909090909,0.297159090909091,0.684532828282828,0.315467171717172
6144,4997,0,4707,11141,4707,10851,4997,15848,5.94225721784777,0.70299091367996,0.29700908632004,0.684692074709743,0.315307925290257
6152,4997,0,4707,11149,4707,10859,4997,15856,5.94525684289464,0.703140766902119,0.296859233097881,0.684851160443996,0.315148839556004
6160,4997,0,4707,11157,4707,10867,4997,15864,5.94825646794151,0.703290468986384,0.296709531013616,0.685010085728694,0.314989914271306
6168,4997,0,4707,11165,4707,10875,4997,15872,5.95125609298838,0.70344002016129,0.29655997983871,0.685168850806452,0.314831149193548
6176,4997,0,4707,11173,4707,10883,4997,15880,5.95425571803525,0.703589420654912,0.296410579345088,0.685327455919395,0.314672544080605
6184,4997,0,4707,11181,4707,10891,4997,15888,5.95725534308211,0.703738670694864,0.296261329305136,0.685485901309164,0.314514098690836
6192,4997,0,4707,11189,4707,10899,4997,15896,5.96025496812898,0.703887770508304,0.296112229491696,0.68564418721691,0.31435581278309
6200,4997,0,4707,11197,4707,10907,4997,15904,5.96325459317585,0.704036720321932,0.295963279678068,0.6858023138833,0.3141976861167
6208,4997,0,4707,11205,4707,10915,4997,15912,5.96625421822272,0.704185520361991,0.295814479638009,0.685960281548517,0.314039718451483
6216,4997,0,4707,11213,4707,10923,4997,15920,5.96925384326959,0.704334170854271,0.295665829145729,0.686118090452261,0.313881909547739
6224,4997,0,4707,11221,4707,10931,4997,15928,5.97225346831646,0.704482672024109,0.295517327975892,0.686275740833752,0.313724259166248
6232,4997,0,4707,11229,4707,10939,4997,15936,5.97525309336333,0.704631024096386,0.295368975903614,0.686433232931727,0.313566767068273
6240,4997,0,4707,11237,4707,10947,4997,15944,5.9782527184102,0.704779227295534,0.295220772704466,0.686590566984446,0.313409433015554
6248,4997,0,4707,11245,4707,10955,4997,15952,5.98125234345707,0.704927281845537,0.295072718154463,0.686747743229689,0.313252256770311
6256,4997,0,4707,11253,4707,10963,4997,15960,5.98425196850394,0.705075187969925,0.294924812030075,0.686904761904762,0.313095238095238
6264,4997,0,4707,11261,4707,10971,4997,15968,5.98725159355081,0.705222945891784,0.294777054108216,0.687061623246493,0.312938376753507
6272,4997,0,4707,11269,4707,10979,4997,15976,5.99025121859768,0.705370555833751,0.294629444166249,0.687218327491237,0.312781672508763
6280,4997,0,4707,11277,4707,10987,4997,15984,5.99325084364454,0.705518018018018,0.294481981981982,0.687374874874875,0.312625125125125
6288,4997,0,4707,11285,4707,10995,4997,15992,5.99625046869141,0.705665332666333,0.294334667333667,0.687531265632816,0.312468734367184
6296,4997,0,4707,11293,4707,11003,4997,16000,5.99925009373828,0.7058125,0.2941875,0.6876875,0.3123125
6304,4997,0,4707,11301,4707,11011,4997,16008,6.00224971878515,0.70595952023988,0.29404047976012,0.687843578210895,0.312156421789105
6312,4997,0,4707,11309,4707,11019,4997,16016,6.00524934383202,0.706106393606394,0.293893606393606,0.687999500499501,0.3120004995005
6320,4997,0,4707,11317,4707,11027,4997,16024,6.00824896887889,0.706253120319521,0.293746879680479,0.688155267099351,0.311844732900649
6328,4997,0,4707,11325,4707,11035,4997,16032,6.01124859392576,0.706399700598802,0.293600299401198,0.688310878243513,0.311689121756487
6336,4997,0,4707,11333,4707,11043,4997,16040,6.01424821897263,0.706546134663342,0.293453865336658,0.688466334164589,0.311533665835411
6344,4997,0,4707,11341,4707,11051,4997,16048,6.0172478440195,0.706692422731805,0.293307577268195,0.688621635094716,0.311378364905284
6352,4997,0,4707,11349,4707,11059,4997,16056,6.02024746906637,0.706838565022421,0.293161434977578,0.688776781265571,0.311223218734429
6360,4997,0,4707,11357,4707,11067,4997,16064,6.02324709411324,0.706984561752988,0.293015438247012,0.688931772908366,0.311068227091633
6361,5001,0,4710,11362,4710,11071,5001,16072,6.02624671916011,0.706943753111001,0.293056246889,0.688837730214037,0.311162269785963
6361,5003,0,4716,11364,4716,11077,5003,16080,6.02924634420697,0.706716417910448,0.293283582089552,0.68886815920398,0.31113184079602
6361,5005,0,4722,11366,4722,11083,5005,16088,6.03224596925384,0.706489308801591,0.293510691198409,0.688898557931377,0.311101442068623
6361,5007,0,4728,11368,4728,11089,5007,16096,6.03524559430071,0.706262425447316,0.293737574552684,0.688928926441352,0.311071073558648
6361,5009,0,4734,11370,4734,11095,5009,16104,6.03824521934758,0.706035767511177,0.293964232488823,0.688959264778937,0.311040735221063
6361,5011,0,4740,11372,4740,11101,5011,16112,6.04124484439445,0.705809334657398,0.294190665342602,0.688989572989076,0.311010427010924
6361,5013,0,4746,11374,4746,11107,5013,16120,6.04424446944132,0.705583126550869,0.294416873449132,0.689019851116625,0.310980148883375
6361,5015,0,4752,11376,4752,11113,5015,16128,6.04724409448819,0.705357142857143,0.294642857142857,0.689050099206349,0.310949900793651
6361,5017,0,4758,11378,4758,11119,5017,16136,6.05024371953506,0.705131383242439,0.294868616757561,0.689080317302925,0.310919682697075
6361,5019,0,4764,11380,4764,11125,5019,16144,6.05324334458193,0.704905847373637,0.295094152626363,0.689110505450942,0.310889494549058
6361,5021,0,4770,11382,4770,11131,5021,16152,6.0562429696288,0.704680534918276,0.295319465081724,0.689140663694898,0.310859336305102
6361,5023,0,4776,11384,4776,11137,5023,16160,6.05924259467567,0.704455445544554,0.295544554455446,0.689170792079208,0.310829207920792
6361,5025,0,4782,11386,4782,11143,5025,16168,6.06224221972253,0.704230578921326,0.295769421078674,0.689200890648194,0.310799109351806
6361,5027,0,4788,11388,4788,11149,5027,16176,6.0652418447694,0.704005934718101,0.295994065281899,0.689230959446093,0.310769040553907
6361,5029,0,4794,11390,4794,11155,5029,16184,6.06824146981627,0.703781512605042,0.296218487394958,0.689260998517054,0.310739001482946
6361,5031,0,4800,11392,4800,11161,5031,16192,6.07124109486314,0.703557312252964,0.296442687747036,0.689291007905138,0.310708992094862
6361,5033,0,4806,11394,4806,11167,5033,16200,6.07424071991001,0.703333333333333,0.296666666666667,0.689320987654321,0.310679012345679
6361,5035,0,4812,11396,4812,11173,5035,16208,6.07724034495688,0.703109575518263,0.296890424481737,0.68935093780849,0.31064906219151
6361,5037,0,4818,11398,4818,11179,5037,16216,6.08023997000375,0.702886038480513,0.297113961519487,0.689380858411445,0.310619141588555
6361,5039,0,4824,11400,4824,11185,5039,16224,6.08323959505062,0.702662721893491,0.297337278106509,0.689410749506903,0.310589250493097
6361,5041,0,4830,11402,4830,11191,5041,16232,6.08623922009749,0.702439625431247,0.297560374568753,0.689440611138492,0.310559388861508
6361,5043,0,4836,11404,4836,11197,5043,16240,6.08923884514436,0.702216748768473,0.297783251231527,0.689470443349754,0.310529556650246
6363,5045,0,4840,11408,4840,11203,5045,16248,6.09223847019123,0.702117183653373,0.297882816346627,0.689500246184146,0.310499753815854
6368,5045,0,4843,11413,4843,11211,5045,16256,6.09523809523809,0.702079232283465,0.297920767716535,0.689653051181102,0.310346948818898
6368,5046,0,4850,11414,4850,11218,5046,16264,6.09823772028496,0.701795376291195,0.298204623708805,0.689744220363994,0.310255779636006
6368,5047,0,4857,11415,4857,11225,5047,16272,6.10123734533183,0.70151179941003,0.298488200589971,0.689835299901672,0.310164700098328
6368,5048,0,4864,11416,4864,11232,5048,16280,6.1042369703787,0.701228501228501,0.298771498771499,0.68992628992629,0.31007371007371
6368,5049,0,4871,11417,4871,11239,5049,16288,6.10723659542557,0.700945481335953,0.299054518664047,0.690017190569745,0.309982809430255
6368,5050,0,4878,11418,4878,11246,5050,16296,6.11023622047244,0.700662739322533,0.299337260677467,0.690108001963672,0.309891998036328
6368,5051,0,4885,11419,4885,11253,5051,16304,6.11323584551931,0.700380274779195,0.299619725220805,0.69019872423945,0.30980127576055
6368,5052,0,4892,11420,4892,11260,5052,16312,6.11623547056618,0.700098087297695,0.299901912702305,0.6902893575282,0.3097106424718
6368,5053,0,4899,11421,4899,11267,5053,16320,6.11923509561305,0.699816176470588,0.300183823529412,0.690379901960784,0.309620098039216
6373,5053,0,4902,11426,4902,11275,5053,16328,6.12223472065992,0.699779519843214,0.300220480156786,0.690531602155806,0.309468397844194
6381,5053,0,4902,11434,4902,11283,5053,16336,6.12523434570679,0.699926542605289,0.300073457394711,0.690683153770813,0.309316846229187
6389,5053,0,4902,11442,4902,11291,5053,16344,6.12823397075366,0.70007342143906,0.29992657856094,0.690834557023984,0.309165442976016
6397,5053,0,4902,11450,4902,11299,5053,16352,6.13123359580053,0.700220156555773,0.299779843444227,0.690985812133072,0.309014187866928
6405,5053,0,4902,11458,4902,11307,5053,16360,6.13423322084739,0.700366748166259,0.299633251833741,0.691136919315403,0.308863080684597
6413,5053,0,4902,11466,4902,11315,5053,16368,6.13723284589426,0.700513196480938,0.299486803519062,0.691287878787879,0.308712121212121
6421,5053,0,4902,11474,4902,11323,5053,16376,6.14023247094113,0.700659501709819,0.299340498290181,0.691438690766976,0.308561309233024
6427,5053,0,4904,11480,4904,11331,5053,16384,6.143232095988,0.70068359375,0.29931640625,0.69158935546875,0.30841064453125
6427,5057,0,4908,11484,4908,11335,5057,16392,6.14623172103487,0.700585651537335,0.299414348462665,0.691495851634944,0.308504148365056
6428,5061,0,4911,11489,4911,11339,5061,16400,6.14923134608174,0.700548780487805,0.299451219512195,0.69140243902439,0.30859756097561
6436,5061,0,4911,11497,4911,11347,5061,16408,6.15223097112861,0.700694783032667,0.299305216967333,0.691552901023891,0.308447098976109
6444,5061,0,4911,11505,4911,11355,5061,16416,6.15523059617548,0.700840643274854,0.299159356725146,0.691703216374269,0.308296783625731
6452,5061,0,4911,11513,4911,11363,5061,16424,6.15823022122235,0.700986361422309,0.299013638577691,0.69185338528982,0.30814661471018
6460,5061,0,4911,11521,4911,11371,5061,16432,6.16122984626922,0.701131937682571,0.298868062317429,0.692003407984421,0.307996592015579
6468,5061,0,4911,11529,4911,11379,5061,16440,6.16422947131609,0.701277372262774,0.298722627737226,0.692153284671533,0.307846715328467
6476,5061,0,4911,11537,4911,11387,5061,16448,6.16722909636295,0.70142266536965,0.29857733463035,0.692303015564202,0.307696984435798
6484,5061,0,4911,11545,4911,11395,5061,16456,6.17022872140982,0.701567817209528,0.298432182790472,0.692452600875061,0.307547399124939
6492,5061,0,4911,11553,4911,11403,5061,16464,6.17322834645669,0.701712827988338,0.298287172011662,0.692602040816326,0.307397959183673
6500,5061,0,4911,11561,4911,11411,5061,16472,6.17622797150356,0.701857697911608,0.298142302088392,0.692751335599806,0.307248664400194
6508,5061,0,4911,11569,4911,11419,5061,16480,6.17922759655043,0.702002427184466,0.297997572815534,0.692900485436893,0.307099514563107
6516,5061,0,4911,11577,4911,11427,5061,16488,6.1822272215973,0.702147016011645,0.297852983988355,0.693049490538573,0.306950509461426
6522,5062,0,4912,11584,4912,11434,5062,16496,6.18522684664417,0.702230843840931,0.297769156159069,0.693137730358875,0.306862269641125
6522,5065,0,4917,11587,4917,11439,5065,16504,6.18822647169104,0.702072224915172,0.297927775084828,0.693104701890451,0.306895298109549
6522,5068,0,4922,11590,4922,11444,5068,16512,6.19122609673791,0.701913759689923,0.298086240310078,0.693071705426357,0.306928294573643
6522,5071,0,4927,11593,4927,11449,5071,16520,6.19422572178478,0.701755447941889,0.298244552058111,0.693038740920097,0.306961259079903
6522,5074,0,4932,11596,4932,11454,5074,16528,6.19722534683165,0.701597289448209,0.298402710551791,0.693005808325266,0.306994191674734
6522,5077,0,4937,11599,4937,11459,5077,16536,6.20022497187852,0.701439283986454,0.298560716013546,0.692972907595549,0.307027092404451
6522,5080,0,4942,11602,4942,11464,5080,16544,6.20322459692538,0.701281431334623,0.298718568665377,0.69294003868472,0.30705996131528
6522,5083,0,4947,11605,4947,11469,5083,16552,6.20622422197225,0.701123731271145,0.298876268728855,0.692907201546641,0.307092798453359
6522,5086,0,4952,11608,4952,11474,5086,16560,6.20922384701912,0.700966183574879,0.299033816425121,0.692874396135266,0.307125603864734
6522,5089,0,4957,11611,4957,11479,5089,16568,6.21222347206599,0.700808788025109,0.299191211974891,0.692841622404635,0.307158377595365
6522,5092,0,4962,11614,4962,11484,5092,16576,6.21522309711286,0.700651544401544,0.299348455598456,0.69280888030888,0.30719111969112
6522,5095,0,4967,11617,4967,11489,5095,16584,6.21822272215973,0.700494452484322,0.299505547515678,0.692776169802219,0.307223830197781
6522,5098,0,4972,11620,4972,11494,5098,16592,6.2212223472066,0.700337512054002,0.299662487945998,0.692743490838959,0.307256509161041
6522,5101,0,4977,11623,4977,11499,5101,16600,6.22422197225347,0.700180722891566,0.299819277108434,0.692710843373494,0.307289156626506
6522,5104,0,4982,11626,4982,11504,5104,16608,6.22722159730034,0.70002408477842,0.29997591522158,0.692678227360308,0.307321772639692
6522,5107,0,4987,11629,4987,11509,5107,16616,6.23022122234721,0.699867597496389,0.300132402503611,0.692645642753972,0.307354357246028
6522,5110,0,4992,11632,4992,11514,5110,16624,6.23322084739408,0.699711260827719,0.300288739172281,0.692613089509143,0.307386910490857
6522,5113,0,4997,11635,4997,11519,5113,16632,6.23622047244094,0.699555074555075,0.300444925444925,0.692580567580568,0.307419432419432
6522,5116,0,5002,11638,5002,11524,5116,16640,6.23922009748781,0.699399038461539,0.300600961538462,0.692548076923077,0.307451923076923
6522,5119,0,5007,11641,5007,11529,5119,16648,6.24221972253468,0.69924315233061,0.30075684766939,0.692515617491591,0.307484382508409
6522,5122,0,5012,11644,5012,11534,5122,16656,6.24521934758155,0.699087415946206,0.300912584053794,0.692483189241114,0.307516810758886
6526,5124,0,5014,11650,5014,11540,5124,16664,6.24821897262842,0.699111857897264,0.300888142102736,0.692510801728277,0.307489198271724
6534,5124,0,5014,11658,5014,11548,5124,16672,6.25121859767529,0.699256238003839,0.300743761996161,0.692658349328215,0.307341650671785
6542,5124,0,5014,11666,5014,11556,5124,16680,6.25421822272216,0.699400479616307,0.300599520383693,0.692805755395683,0.307194244604317
6545,5125,0,5018,11670,5018,11563,5125,16688,6.25721784776903,0.699304889741131,0.300695110258869,0.69289309683605,0.30710690316395
6550,5127,0,5019,11677,5019,11569,5127,16696,6.2602174728159,0.699389075227599,0.300610924772401,0.692920459990417,0.307079540009583
6558,5127,0,5019,11685,5019,11577,5127,16704,6.26321709786277,0.699533045977011,0.300466954022989,0.693067528735632,0.306932471264368
6566,5127,0,5019,11693,5019,11585,5127,16712,6.26621672290964,0.699676878889421,0.300323121110579,0.693214456677836,0.306785543322164
6574,5127,0,5019,11701,5019,11593,5127,16720,6.26921634795651,0.699820574162679,0.300179425837321,0.693361244019139,0.306638755980861
6582,5127,0,5019,11709,5019,11601,5127,16728,6.27221597300337,0.699964131994261,0.300035868005739,0.693507890961263,0.306492109038737
6590,5127,0,5019,11717,5019,11609,5127,16736,6.27521559805024,0.700107552581262,0.299892447418738,0.693654397705545,0.306345602294455
6598,5127,0,5019,11725,5019,11617,5127,16744,6.27821522309711,0.700250836120401,0.299749163879599,0.693800764452938,0.306199235547062
6606,5127,0,5019,11733,5019,11625,5127,16752,6.28121484814398,0.700393982808023,0.299606017191977,0.693946991404012,0.306053008595989
6614,5127,0,5019,11741,5019,11633,5127,16760,6.28421447319085,0.700536992840096,0.299463007159905,0.69409307875895,0.30590692124105
6622,5127,0,5019,11749,5019,11641,5127,16768,6.28721409823772,0.700679866412214,0.299320133587786,0.694239026717557,0.305760973282443
6630,5127,0,5019,11757,5019,11649,5127,16776,6.29021372328459,0.700822603719599,0.299177396280401,0.694384835479256,0.305615164520744
6638,5127,0,5019,11765,5019,11657,5127,16784,6.29321334833146,0.700965204957102,0.299034795042898,0.694530505243089,0.305469494756911
6646,5127,0,5019,11773,5019,11665,5127,16792,6.29621297337833,0.7011076703192,0.2988923296808,0.694676036207718,0.305323963792282
6654,5127,0,5019,11781,5019,11673,5127,16800,6.2992125984252,0.70125,0.29875,0.694821428571429,0.305178571428571
6662,5127,0,5019,11789,5019,11681,5127,16808,6.30221222347207,0.701392194193241,0.298607805806759,0.694966682532128,0.305033317467872
6670,5127,0,5019,11797,5019,11689,5127,16816,6.30521184851894,0.701534253092293,0.298465746907707,0.695111798287345,0.304888201712655
6678,5127,0,5019,11805,5019,11697,5127,16824,6.3082114735658,0.701676176890157,0.298323823109843,0.695256776034237,0.304743223965763
6686,5127,0,5019,11813,5019,11705,5127,16832,6.31121109861267,0.701817965779468,0.298182034220532,0.695401615969582,0.304598384030418
6693,5127,0,5020,11820,5020,11713,5127,16840,6.31421072365954,0.701900237529691,0.298099762470309,0.695546318289786,0.304453681710214
6695,5131,0,5022,11826,5022,11717,5131,16848,6.31721034870641,0.701923076923077,0.298076923076923,0.6954534662868,0.3045465337132
6703,5131,0,5022,11834,5022,11725,5131,16856,6.32020997375328,0.702064546748932,0.297935453251068,0.695598006644518,0.304401993355482
6711,5131,0,5022,11842,5022,11733,5131,16864,6.32320959880015,0.702205882352941,0.297794117647059,0.695742409867173,0.304257590132827
6719,5131,0,5022,11850,5022,11741,5131,16872,6.32620922384702,0.702347083926031,0.297652916073969,0.695886676149834,0.304113323850166
6727,5131,0,5022,11858,5022,11749,5131,16880,6.32920884889389,0.702488151658768,0.297511848341232,0.696030805687204,0.303969194312796
6735,5131,0,5022,11866,5022,11757,5131,16888,6.33220847394076,0.702629085741355,0.297370914258645,0.696174798673614,0.303825201326386
6743,5131,0,5022,11874,5022,11765,5131,16896,6.33520809898763,0.702769886363636,0.297230113636364,0.69631865530303,0.30368134469697
6751,5131,0,5022,11882,5022,11773,5131,16904,6.3382077240345,0.702910553715097,0.297089446284903,0.696462375769049,0.303537624230951
6759,5131,0,5022,11890,5022,11781,5131,16912,6.34120734908136,0.703051087984863,0.296948912015137,0.696605960264901,0.303394039735099
6767,5131,0,5022,11898,5022,11789,5131,16920,6.34420697412823,0.703191489361702,0.296808510638298,0.696749408983452,0.303250591016548
6775,5131,0,5022,11906,5022,11797,5131,16928,6.3472065991751,0.703331758034026,0.296668241965974,0.696892722117202,0.303107277882798
6778,5132,0,5026,11910,5026,11804,5132,16936,6.35020622422197,0.703235710911667,0.296764289088333,0.696976854038734,0.303023145961266
6778,5136,0,5030,11914,5030,11808,5136,16944,6.35320584926884,0.703139754485364,0.296860245514636,0.696883852691218,0.303116147308782
6778,5140,0,5034,11918,5034,11812,5140,16952,6.35620547431571,0.703043888626711,0.296956111373289,0.696790939122227,0.303209060877773
6778,5144,0,5038,11922,5038,11816,5144,16960,6.35920509936258,0.702948113207547,0.297051886792453,0.696698113207547,0.303301886792453
6778,5148,0,5042,11926,5042,11820,5148,16968,6.36220472440945,0.702852428099953,0.297147571900047,0.696605374823197,0.303394625176803
6778,5152,0,5046,11930,5046,11824,5152,16976,6.36520434945632,0.702756833176249,0.297243166823751,0.696512723845429,0.303487276154571
6778,5156,0,5050,11934,5050,11828,5156,16984,6.36820397450319,0.702661328308997,0.297338671691003,0.69642016015073,0.30357983984927
6778,5160,0,5054,11938,5054,11832,5160,16992,6.37120359955006,0.702565913370998,0.297434086629002,0.696327683615819,0.303672316384181
6778,5164,0,5058,11942,5058,11836,5164,17000,6.37420322459693,0.702470588235294,0.297529411764706,0.696235294117647,0.303764705882353
6778,5168,0,5062,11946,5062,11840,5168,17008,6.37720284964379,0.702375352775165,0.297624647224835,0.696142991533396,0.303857008466604
6778,5172,0,5066,11950,5066,11844,5172,17016,6.38020247469066,0.702280206864128,0.297719793135872,0.69605077574048,0.30394922425952
6778,5176,0,5070,11954,5070,11848,5176,17024,6.38320209973753,0.70218515037594,0.29781484962406,0.695958646616541,0.304041353383459
6778,5180,0,5074,11958,5074,11852,5180,17032,6.3862017247844,0.702090183184594,0.297909816815406,0.695866604039455,0.304133395960545
6778,5184,0,5078,11962,5078,11856,5184,17040,6.38920134983127,0.701995305164319,0.298004694835681,0.695774647887324,0.304225352112676
6778,5188,0,5082,11966,5082,11860,5188,17048,6.39220097487814,0.701900516189582,0.298099483810418,0.69568277803848,0.30431722196152
6778,5192,0,5086,11970,5086,11864,5192,17056,6.39520059992501,0.701805816135084,0.298194183864916,0.695590994371482,0.304409005628518
6778,5196,0,5090,11974,5090,11868,5196,17064,6.39820022497188,0.701711204875762,0.298288795124238,0.69549929676512,0.30450070323488
6778,5200,0,5094,11978,5094,11872,5200,17072,6.40119985001875,0.701616682286785,0.298383317713215,0.695407685098407,0.304592314901593
6778,5204,0,5098,11982,5098,11876,5204,17080,6.40419947506562,0.70152224824356,0.29847775175644,0.695316159250585,0.304683840749415
6778,5208,0,5102,11986,5102,11880,5208,17088,6.40719910011249,0.701427902621723,0.298572097378277,0.695224719101124,0.304775280898876
6778,5212,0,5106,11990,5106,11884,5212,17096,6.41019872515936,0.701333645297145,0.298666354702854,0.695133364529715,0.304866635470285
6778,5216,0,5110,11994,5110,11888,5216,17104,6.41319835020622,0.701239476145931,0.298760523854069,0.695042095416277,0.304957904583723
6778,5220,0,5114,11998,5114,11892,5220,17112,6.41619797525309,0.701145395044413,0.298854604955587,0.694950911640954,0.305049088359046
6778,5224,0,5118,12002,5118,11896,5224,17120,6.41919760029996,0.701051401869159,0.298948598130841,0.694859813084112,0.305140186915888
6778,5228,0,5122,12006,5122,11900,5228,17128,6.42219722534683,0.700957496496964,0.299042503503036,0.694768799626343,0.305231200373657
6778,5232,0,5126,12010,5126,11904,5232,17136,6.4251968503937,0.700863678804855,0.299136321195145,0.694677871148459,0.305322128851541
6778,5236,0,5130,12014,5130,11908,5236,17144,6.42819647544057,0.700769948670089,0.299230051329911,0.694587027531498,0.305412972468502
6778,5240,0,5134,12018,5134,11912,5240,17152,6.43119610048744,0.700676305970149,0.299323694029851,0.694496268656716,0.305503731343284
6778,5242,0,5140,12020,5140,11918,5242,17160,6.43419572553431,0.7004662004662,0.2995337995338,0.694522144522145,0.305477855477856
6778,5244,0,5146,12022,5146,11924,5244,17168,6.43719535058118,0.700256290773532,0.299743709226468,0.694547996272134,0.305452003727866
6778,5246,0,5152,12024,5152,11930,5246,17176,6.44019497562805,0.700046576618538,0.299953423381463,0.694573823940382,0.305426176059618
6778,5248,0,5158,12026,5158,11936,5248,17184,6.44319460067492,0.699837057728119,0.300162942271881,0.694599627560521,0.305400372439479
6778,5250,0,5164,12028,5164,11942,5250,17192,6.44619422572178,0.699627733829688,0.300372266170312,0.694625407166124,0.305374592833876
6778,5252,0,5170,12030,5170,11948,5252,17200,6.44919385076865,0.699418604651163,0.300581395348837,0.694651162790698,0.305348837209302
6778,5254,0,5176,12032,5176,11954,5254,17208,6.45219347581552,0.699209669920967,0.300790330079033,0.694676894467689,0.305323105532311
6778,5256,0,5182,12034,5182,11960,5256,17216,6.45519310086239,0.69900092936803,0.30099907063197,0.694702602230483,0.305297397769517
6778,5258,0,5188,12036,5188,11966,5258,17224,6.45819272590926,0.698792382721784,0.301207617278216,0.694728286112401,0.305271713887599
6781,5259,0,5192,12040,5192,11973,5259,17232,6.46119235095613,0.698700092850511,0.301299907149489,0.694811977715877,0.305188022284123
6781,5261,0,5198,12042,5198,11979,5261,17240,6.464191976003,0.698491879350348,0.301508120649652,0.694837587006961,0.305162412993039
6781,5263,0,5204,12044,5204,11985,5263,17248,6.46719160104987,0.698283858998145,0.301716141001855,0.694863172541744,0.305136827458256
6781,5265,0,5210,12046,5210,11991,5265,17256,6.47019122609674,0.698076031525267,0.301923968474733,0.694888734353268,0.305111265646732
6781,5267,0,5216,12048,5216,11997,5267,17264,6.47319085114361,0.697868396663577,0.302131603336423,0.694914272474513,0.305085727525487
6781,5269,0,5222,12050,5222,12003,5269,17272,6.47619047619048,0.697660954145438,0.302339045854562,0.694939786938397,0.305060213061603
6781,5271,0,5228,12052,5228,12009,5271,17280,6.47919010123735,0.697453703703704,0.302546296296296,0.694965277777778,0.305034722222222
6781,5273,0,5234,12054,5234,12015,5273,17288,6.48218972628421,0.697246645071726,0.302753354928274,0.694990745025451,0.305009254974549
6781,5275,0,5240,12056,5240,12021,5275,17296,6.48518935133108,0.697039777983349,0.302960222016651,0.695016188714154,0.304983811285846
6781,5277,0,5246,12058,5246,12027,5277,17304,6.48818897637795,0.696833102172908,0.303166897827092,0.69504160887656,0.30495839112344
6781,5279,0,5252,12060,5252,12033,5279,17312,6.49118860142482,0.696626617375231,0.303373382624769,0.695067005545287,0.304932994454714
6781,5281,0,5258,12062,5258,12039,5281,17320,6.49418822647169,0.696420323325635,0.303579676674365,0.695092378752887,0.304907621247113
6789,5281,0,5258,12070,5258,12047,5281,17328,6.49718785151856,0.696560480147738,0.303439519852262,0.695233148661127,0.304766851338873
6797,5281,0,5258,12078,5258,12055,5281,17336,6.50018747656543,0.696700507614213,0.303299492385787,0.6953737886479,0.3046262113521
6805,5281,0,5258,12086,5258,12063,5281,17344,6.5031871016123,0.696840405904059,0.303159594095941,0.695514298892989,0.304485701107011
6813,5281,0,5258,12094,5258,12071,5281,17352,6.50618672665917,0.696980175195943,0.303019824804057,0.695654679575841,0.304345320424159
6821,5281,0,5258,12102,5258,12079,5281,17360,6.50918635170604,0.697119815668203,0.302880184331797,0.695794930875576,0.304205069124424
6829,5281,0,5258,12110,5258,12087,5281,17368,6.51218597675291,0.697259327498848,0.302740672501152,0.695935052970981,0.304064947029019
6836,5281,0,5259,12117,5259,12095,5281,17376,6.51518560179978,0.697341160220994,0.302658839779006,0.696075046040516,0.303924953959484
6844,5281,0,5259,12125,5259,12103,5281,17384,6.51818522684664,0.69748044178555,0.30251955821445,0.69621491026231,0.30378508973769
6852,5281,0,5259,12133,5259,12111,5281,17392,6.52118485189351,0.697619595216191,0.302380404783809,0.696354645814167,0.303645354185833
6860,5281,0,5259,12141,5259,12119,5281,17400,6.52418447694038,0.697758620689655,0.302241379310345,0.696494252873563,0.303505747126437
6868,5281,0,5259,12149,5259,12127,5281,17408,6.52718410198725,0.697897518382353,0.302102481617647,0.696633731617647,0.303366268382353
6876,5281,0,5259,12157,5259,12135,5281,17416,6.53018372703412,0.698036288470372,0.301963711529628,0.696773082223243,0.303226917776757
6884,5281,0,5259,12165,5259,12143,5281,17424,6.53318335208099,0.698174931129477,0.301825068870523,0.69691230486685,0.30308769513315
6892,5281,0,5259,12173,5259,12151,5281,17432,6.53618297712786,0.698313446535108,0.301686553464892,0.697051399724644,0.302948600275356
6900,5281,0,5259,12181,5259,12159,5281,17440,6.53918260217473,0.698451834862385,0.301548165137615,0.697190366972477,0.302809633027523
6908,5281,0,5259,12189,5259,12167,5281,17448,6.5421822272216,0.698590096286107,0.301409903713893,0.697329206785878,0.302670793214122
6916,5281,0,5259,12197,5259,12175,5281,17456,6.54518185226847,0.698728230980752,0.301271769019248,0.697467919340055,0.302532080659945
6924,5281,0,5259,12205,5259,12183,5281,17464,6.54818147731534,0.698866239120476,0.301133760879524,0.697606504809895,0.302393495190105
6932,5281,0,5259,12213,5259,12191,5281,17472,6.5511811023622,0.699004120879121,0.300995879120879,0.697744963369963,0.302255036630037
6940,5281,0,5259,12221,5259,12199,5281,17480,6.55418072740907,0.699141876430206,0.300858123569794,0.697883295194508,0.302116704805492
6948,5281,0,5259,12229,5259,12207,5281,17488,6.55718035245594,0.699279505946935,0.300720494053065,0.698021500457457,0.301978499542543
6956,5281,0,5259,12237,5259,12215,5281,17496,6.56017997750281,0.699417009602195,0.300582990397805,0.698159579332419,0.301840420667581
6964,5281,0,5259,12245,5259,12223,5281,17504,6.56317960254968,0.699554387568556,0.300445612431444,0.698297531992687,0.301702468007313
6972,5281,0,5259,12253,5259,12231,5281,17512,6.56617922759655,0.699691640018273,0.300308359981727,0.698435358611238,0.301564641388762
6980,5281,0,5259,12261,5259,12239,5281,17520,6.56917885264342,0.699828767123288,0.300171232876712,0.698573059360731,0.301426940639269
6988,5281,0,5259,12269,5259,12247,5281,17528,6.57217847769029,0.699965769055226,0.300034230944774,0.69871063441351,0.30128936558649
6996,5281,0,5259,12277,5259,12255,5281,17536,6.57517810273716,0.700102645985402,0.299897354014599,0.698848083941606,0.301151916058394
7004,5281,0,5259,12285,5259,12263,5281,17544,6.57817772778403,0.700239398084815,0.299760601915185,0.698985408116735,0.301014591883265
7012,5281,0,5259,12293,5259,12271,5281,17552,6.5811773528309,0.700376025524157,0.299623974475843,0.699122607110301,0.300877392889699
7020,5281,0,5259,12301,5259,12279,5281,17560,6.58417697787777,0.700512528473804,0.299487471526196,0.699259681093394,0.300740318906606
7028,5281,0,5259,12309,5259,12287,5281,17568,6.58717660292463,0.700648907103825,0.299351092896175,0.699396630236794,0.300603369763206
7036,5281,0,5259,12317,5259,12295,5281,17576,6.5901762279715,0.700785161583978,0.299214838416022,0.69953345471097,0.300466545289031
7044,5281,0,5259,12325,5259,12303,5281,17584,6.59317585301837,0.700921292083712,0.299078707916288,0.699670154686078,0.300329845313922
7052,5281,0,5259,12333,5259,12311,5281,17592,6.59617547806524,0.701057298772169,0.298942701227831,0.699806730331969,0.300193269668031
7060,5281,0,5259,12341,5259,12319,5281,17600,6.59917510311211,0.701193181818182,0.298806818181818,0.699943181818182,0.300056818181818
7068,5281,0,5259,12349,5259,12327,5281,17608,6.60217472815898,0.701328941390277,0.298671058609723,0.700079509313948,0.299920490686052
7076,5281,0,5259,12357,5259,12335,5281,17616,6.60517435320585,0.701464577656676,0.298535422343324,0.700215712988193,0.299784287011807
7084,5281,0,5259,12365,5259,12343,5281,17624,6.60817397825272,0.701600090785293,0.298399909214707,0.700351793009532,0.299648206990468
7092,5281,0,5259,12373,5259,12351,5281,17632,6.61117360329959,0.701735480943739,0.298264519056261,0.700487749546279,0.29951225045372
7100,5281,0,5259,12381,5259,12359,5281,17640,6.61417322834646,0.70187074829932,0.29812925170068,0.70062358276644,0.29937641723356
7108,5281,0,5259,12389,5259,12367,5281,17648,6.61717285339333,0.702005893019039,0.297994106980961,0.700759292837715,0.299240707162285
7116,5281,0,5259,12397,5259,12375,5281,17656,6.6201724784402,0.702140915269597,0.297859084730403,0.700894879927503,0.299105120072497
7124,5281,0,5259,12405,5259,12383,5281,17664,6.62317210348706,0.702275815217391,0.297724184782609,0.701030344202899,0.298969655797101
7127,5282,0,5263,12409,5263,12390,5282,17672,6.62617172853393,0.702184246265278,0.297815753734722,0.701109099139882,0.298890900860118
7127,5284,0,5269,12411,5269,12396,5284,17680,6.6291713535808,0.70197963800905,0.29802036199095,0.701131221719457,0.298868778280543
7127,5286,0,5275,12413,5275,12402,5286,17688,6.63217097862767,0.701775214834916,0.298224785165084,0.701153324287653,0.298846675712347
7127,5288,0,5281,12415,5281,12408,5288,17696,6.63517060367454,0.701570976491863,0.298429023508137,0.701175406871609,0.298824593128391
7127,5290,0,5287,12417,5287,12414,5290,17704,6.63817022872141,0.701366922729327,0.298633077270673,0.701197469498418,0.298802530501582
7127,5292,0,5293,12419,5293,12420,5292,17712,6.64116985376828,0.7011630532972,0.2988369467028,0.701219512195122,0.298780487804878
7132,5293,0,5295,12425,5295,12427,5293,17720,6.64416947881515,0.701185101580135,0.298814898419865,0.701297968397291,0.298702031602709
7140,5293,0,5295,12433,5295,12435,5293,17728,6.64716910386202,0.701319945848375,0.298680054151625,0.701432761732852,0.298567238267148
7148,5293,0,5295,12441,5295,12443,5293,17736,6.65016872890889,0.701454668470907,0.298545331529093,0.701567433468651,0.298432566531349
7156,5293,0,5295,12449,5295,12451,5293,17744,6.65316835395576,0.701589269612263,0.298410730387737,0.701701983769161,0.298298016230839
7164,5293,0,5295,12457,5295,12459,5293,17752,6.65616797900262,0.701723749436683,0.298276250563317,0.701836412798558,0.298163587201442
7172,5293,0,5295,12465,5295,12467,5293,17760,6.65916760404949,0.701858108108108,0.298141891891892,0.701970720720721,0.298029279279279
7180,5293,0,5295,12473,5295,12475,5293,17768,6.66216722909636,0.701992345790185,0.298007654209815,0.702104907699235,0.297895092300765
7186,5293,0,5297,12479,5297,12483,5293,17776,6.66516685414323,0.70201395139514,0.297986048604861,0.70223897389739,0.29776102610261
7194,5293,0,5297,12487,5297,12491,5293,17784,6.6681664791901,0.70214799820063,0.29785200179937,0.702372919478183,0.297627080521817
7202,5293,0,5297,12495,5297,12499,5293,17792,6.67116610423697,0.702281924460432,0.297718075539568,0.702506744604317,0.297493255395683
7210,5293,0,5297,12503,5297,12507,5293,17800,6.67416572928384,0.702415730337079,0.297584269662921,0.702640449438202,0.297359550561798
7218,5293,0,5297,12511,5297,12515,5293,17808,6.67716535433071,0.702549415992812,0.297450584007188,0.702774034141959,0.297225965858041
7226,5293,0,5297,12519,5297,12523,5293,17816,6.68016497937758,0.702682981589582,0.297317018410418,0.702907498877414,0.297092501122586
7234,5293,0,5297,12527,5297,12531,5293,17824,6.68316460442445,0.702816427289048,0.297183572710952,0.703040843806104,0.296959156193896
7242,5293,0,5297,12535,5297,12539,5293,17832,6.68616422947132,0.70294975325258,0.29705024674742,0.703174069089278,0.296825930910722
7250,5293,0,5297,12543,5297,12547,5293,17840,6.68916385451818,0.703082959641256,0.296917040358744,0.703307174887892,0.296692825112108
7250,5296,0,5302,12546,5302,12552,5296,17848,6.69216347956505,0.702935903182429,0.297064096817571,0.703272075302555,0.296727924697445
7258,5296,0,5302,12554,5302,12560,5296,17856,6.69516310461192,0.703068996415771,0.296931003584229,0.703405017921147,0.296594982078853
7260,5298,0,5306,12558,5306,12566,5298,17864,6.69816272965879,0.702978056426332,0.297021943573668,0.703425884460367,0.296574115539633
7268,5298,0,5306,12566,5306,12574,5298,17872,6.70116235470566,0.703111011638317,0.296888988361683,0.703558639212175,0.296441360787825
7276,5298,0,5306,12574,5306,12582,5298,17880,6.70416197975253,0.70324384787472,0.29675615212528,0.703691275167785,0.296308724832215
7284,5298,0,5306,12582,5306,12590,5298,17888,6.7071616047994,0.70337656529517,0.29662343470483,0.703823792486583,0.296176207513417
7292,5298,0,5306,12590,5306,12598,5298,17896,6.71016122984627,0.703509164059008,0.296490835940992,0.703956191327671,0.296043808672329
7300,5298,0,5306,12598,5306,12606,5298,17904,6.71316085489314,0.70364164432529,0.29635835567471,0.704088471849866,0.295911528150134
7308,5298,0,5306,12606,5306,12614,5298,17912,6.71616047994001,0.703774006252791,0.296225993747209,0.704220634211702,0.295779365788298
7316,5298,0,5306,12614,5306,12622,5298,17920,6.71916010498688,0.70390625,0.29609375,0.704352678571429,0.295647321428571
7324,5298,0,5306,12622,5306,12630,5298,17928,6.72215973003375,0.704038375725123,0.295961624274877,0.704484605087015,0.295515394912985
7332,5298,0,5306,12630,5306,12638,5298,17936,6.72515935508062,0.704170383586084,0.295829616413916,0.704616413916146,0.295383586083854
7340,5298,0,5306,12638,5306,12646,5298,17944,6.72815898012748,0.704302273740526,0.295697726259474,0.704748105216228,0.295251894783772
7348,5298,0,5306,12646,5306,12654,5298,17952,6.73115860517435,0.704434046345811,0.295565953654189,0.704879679144385,0.295120320855615
7356,5298,0,5306,12654,5306,12662,5298,17960,6.73415823022122,0.70456570155902,0.29543429844098,0.705011135857461,0.294988864142539
7364,5298,0,5306,12662,5306,12670,5298,17968,6.73715785526809,0.704697239536955,0.295302760463045,0.705142475512021,0.294857524487979
7372,5298,0,5306,12670,5306,12678,5298,17976,6.74015748031496,0.704828660436137,0.295171339563863,0.705273698264352,0.294726301735648
7380,5298,0,5306,12678,5306,12686,5298,17984,6.74315710536183,0.704959964412811,0.295040035587189,0.705404804270463,0.294595195729537
7388,5298,0,5306,12686,5306,12694,5298,17992,6.7461567304087,0.705091151622944,0.294908848377056,0.705535793686083,0.294464206313917
7396,5298,0,5306,12694,5306,12702,5298,18000,6.74915635545557,0.705222222222222,0.294777777777778,0.705666666666667,0.294333333333333
7404,5298,0,5306,12702,5306,12710,5298,18008,6.75215598050244,0.70535317636606,0.29464682363394,0.705797423367392,0.294202576632608
7412,5298,0,5306,12710,5306,12718,5298,18016,6.75515560554931,0.705484014209592,0.294515985790409,0.705928063943162,0.294071936056838
7414,5299,0,5311,12713,5311,12725,5299,18024,6.75815523059618,0.705337328007102,0.294662671992898,0.706003106968486,0.293996893031514
7414,5301,0,5317,12715,5317,12731,5301,18032,6.76115485564304,0.705135314995563,0.294864685004437,0.706022626441881,0.293977373558119
7414,5303,0,5323,12717,5323,12737,5303,18040,6.76415448068991,0.704933481152993,0.295066518847007,0.706042128603104,0.293957871396896
7414,5305,0,5329,12719,5329,12743,5305,18048,6.76715410573678,0.704731826241135,0.295268173758865,0.706061613475177,0.293938386524823
7414,5307,0,5335,12721,5335,12749,5307,18056,6.77015373078365,0.704530350022153,0.295469649977847,0.706081081081081,0.293918918918919
7414,5309,0,5341,12723,5341,12755,5309,18064,6.77315335583052,0.704329052258636,0.295670947741364,0.706100531443756,0.293899468556244
7414,5311,0,5347,12725,5347,12761,5311,18072,6.77615298087739,0.70412793271359,0.29587206728641,0.7061199645861,0.2938800354139
7414,5313,0,5353,12727,5353,12767,5313,18080,6.77915260592426,0.703926991150442,0.296073008849558,0.706139380530973,0.293860619469027
7414,5315,0,5359,12729,5359,12773,5315,18088,6.78215223097113,0.703726227333038,0.296273772666962,0.706158779301194,0.293841220698806
7414,5318,0,5364,12732,5364,12778,5318,18096,6.785151856018,0.703580901856764,0.296419098143236,0.706122900088417,0.293877099911583
7414,5319,0,5371,12733,5371,12785,5319,18104,6.78815148106487,0.70332523199293,0.29667476800707,0.706197525408749,0.293802474591251
7414,5320,0,5378,12734,5378,12792,5320,18112,6.79115110611174,0.703069787985866,0.296930212014134,0.706272084805654,0.293727915194346
7414,5321,0,5385,12735,5385,12799,5321,18120,6.7941507311586,0.702814569536424,0.297185430463576,0.706346578366446,0.293653421633554
7414,5322,0,5392,12736,5392,12806,5322,18128,6.79715035620547,0.702559576345984,0.297440423654016,0.706421006178288,0.293578993821712
7414,5323,0,5399,12737,5399,12813,5323,18136,6.80014998125234,0.702304808116453,0.297695191883547,0.706495368328187,0.293504631671813
7414,5324,0,5406,12738,5406,12820,5324,18144,6.80314960629921,0.702050264550265,0.297949735449735,0.706569664902998,0.293430335097002
7414,5325,0,5413,12739,5413,12827,5325,18152,6.80614923134608,0.701795945350375,0.298204054649625,0.706643895989423,0.293356104010577
7414,5326,0,5420,12740,5420,12834,5326,18160,6.80914885639295,0.701541850220264,0.298458149779736,0.706718061674009,0.293281938325991
7414,5327,0,5427,12741,5427,12841,5327,18168,6.81214848143982,0.701287978863937,0.298712021136063,0.706792162043153,0.293207837956847
7414,5328,0,5434,12742,5434,12848,5328,18176,6.81514810648669,0.701034330985916,0.298965669014085,0.706866197183099,0.293133802816901
7414,5329,0,5441,12743,5441,12855,5329,18184,6.81814773153356,0.700780906291245,0.299219093708755,0.706940167179938,0.293059832820062
7414,5330,0,5448,12744,5448,12862,5330,18192,6.82114735658043,0.700527704485488,0.299472295514512,0.707014072119613,0.292985927880387
7414,5331,0,5455,12745,5455,12869,5331,18200,6.8241469816273,0.700274725274725,0.299725274725275,0.707087912087912,0.292912087912088
7414,5332,0,5462,12746,5462,12876,5332,18208,6.82714660667417,0.700021968365554,0.299978031634446,0.707161687170475,0.292838312829525
7414,5333,0,5469,12747,5469,12883,5333,18216,6.83014623172104,0.699769433465086,0.300230566534914,0.707235397452789,0.292764602547211
7414,5334,0,5476,12748,5476,12890,5334,18224,6.8331458567679,0.699517120280948,0.300482879719052,0.707309043020193,0.292690956979807
7414,5335,0,5483,12749,5483,12897,5335,18232,6.83614548181477,0.699265028521281,0.300734971478719,0.707382623957876,0.292617376042124
7414,5336,0,5490,12750,5490,12904,5336,18240,6.83914510686164,0.699013157894737,0.300986842105263,0.707456140350877,0.292543859649123
7414,5337,0,5497,12751,5497,12911,5337,18248,6.84214473190851,0.698761508110478,0.301238491889522,0.707529592284086,0.292470407715914
7414,5338,0,5504,12752,5504,12918,5338,18256,6.84514435695538,0.698510078878177,0.301489921121823,0.707602979842244,0.292397020157756
7417,5340,0,5507,12757,5507,12924,5340,18264,6.84814398200225,0.698477879982479,0.301522120017521,0.707621550591327,0.292378449408673
7417,5342,0,5513,12759,5513,12930,5342,18272,6.85114360704912,0.698281523642732,0.301718476357268,0.707640105078809,0.292359894921191
7417,5344,0,5519,12761,5519,12936,5344,18280,6.85414323209599,0.69808533916849,0.30191466083151,0.707658643326039,0.292341356673961
7425,5344,0,5519,12769,5519,12944,5344,18288,6.85714285714286,0.69821741032371,0.30178258967629,0.707786526684165,0.292213473315836
7433,5344,0,5519,12777,5519,12952,5344,18296,6.86014248218973,0.698349365981635,0.301650634018365,0.707914298207258,0.292085701792742
7441,5344,0,5519,12785,5519,12960,5344,18304,6.8631421072366,0.698481206293706,0.301518793706294,0.708041958041958,0.291958041958042
7449,5344,0,5519,12793,5519,12968,5344,18312,6.86614173228346,0.698612931411097,0.301387068588903,0.708169506334644,0.291830493665356
7457,5344,0,5519,12801,5519,12976,5344,18320,6.86914135733033,0.698744541484716,0.301255458515284,0.708296943231441,0.291703056768559
7465,5344,0,5519,12809,5519,12984,5344,18328,6.8721409823772,0.698876036665212,0.301123963334788,0.708424268878219,0.291575731121781
7473,5344,0,5519,12817,5519,12992,5344,18336,6.87514060742407,0.699007417102967,0.300992582897033,0.708551483420593,0.291448516579407
7481,5344,0,5519,12825,5519,13000,5344,18344,6.87814023247094,0.699138682948103,0.300861317051897,0.708678587003925,0.291321412996075
7489,5344,0,5519,12833,5519,13008,5344,18352,6.88113985751781,0.69926983435048,0.30073016564952,0.708805579773322,0.291194420226678
7497,5344,0,5519,12841,5519,13016,5344,18360,6.88413948256468,0.699400871459695,0.300599128540305,0.708932461873638,0.291067538126362
7505,5344,0,5519,12849,5519,13024,5344,18368,6.88713910761155,0.699531794425087,0.300468205574913,0.709059233449477,0.290940766550523
7513,5344,0,5519,12857,5519,13032,5344,18376,6.89013873265842,0.699662603395734,0.300337396604266,0.709185894645189,0.290814105354811
7521,5344,0,5519,12865,5519,13040,5344,18384,6.89313835770529,0.699793298520453,0.300206701479547,0.709312445604874,0.290687554395126
7529,5344,0,5519,12873,5519,13048,5344,18392,6.89613798275216,0.699923879947803,0.300076120052197,0.709438886472379,0.290561113527621
7537,5344,0,5519,12881,5519,13056,5344,18400,6.89913760779903,0.700054347826087,0.299945652173913,0.709565217391304,0.290434782608696
7545,5344,0,5519,12889,5519,13064,5344,18408,6.90213723284589,0.700184702303346,0.299815297696654,0.709691438504998,0.290308561495002
7553,5344,0,5519,12897,5519,13072,5344,18416,6.90513685789276,0.700314943527368,0.299685056472632,0.70981754995656,0.290182450043441
7561,5344,0,5519,12905,5519,13080,5344,18424,6.90813648293963,0.70044507164568,0.29955492835432,0.709943551888841,0.290056448111159
7569,5344,0,5519,12913,5519,13088,5344,18432,6.9111361079865,0.700575086805556,0.299424913194444,0.710069444444444,0.289930555555556
7577,5344,0,5519,12921,5519,13096,5344,18440,6.91413573303337,0.700704989154013,0.299295010845987,0.710195227765727,0.289804772234273
7585,5344,0,5519,12929,5519,13104,5344,18448,6.91713535808024,0.700834778837814,0.299165221162186,0.710320901994796,0.289679098005204
7593,5344,0,5519,12937,5519,13112,5344,18456,6.92013498312711,0.700964456003468,0.299035543996532,0.710446467273515,0.289553532726485
7601,5344,0,5519,12945,5519,13120,5344,18464,6.92313460817398,0.701094020797227,0.298905979202773,0.710571923743501,0.289428076256499
7609,5344,0,5519,12953,5519,13128,5344,18472,6.92613423322085,0.701223473365093,0.298776526634907,0.710697271546124,0.289302728453876
7617,5344,0,5519,12961,5519,13136,5344,18480,6.92913385826772,0.701352813852814,0.298647186147186,0.710822510822511,0.289177489177489
7625,5344,0,5519,12969,5519,13144,5344,18488,6.93213348331459,0.701482042405885,0.298517957594115,0.710947641713544,0.289052358286456
7633,5344,0,5519,12977,5519,13152,5344,18496,6.93513310836145,0.70161115916955,0.29838884083045,0.711072664359862,0.288927335640138
7641,5344,0,5519,12985,5519,13160,5344,18504,6.93813273340832,0.701740164288802,0.298259835711198,0.711197578901859,0.288802421098141
7649,5344,0,5519,12993,5519,13168,5344,18512,6.94113235845519,0.701869057908384,0.298130942091616,0.711322385479689,0.288677614520311
7657,5344,0,5519,13001,5519,13176,5344,18520,6.94413198350206,0.701997840172786,0.298002159827214,0.711447084233261,0.288552915766739
7665,5344,0,5519,13009,5519,13184,5344,18528,6.94713160854893,0.702126511226252,0.297873488773748,0.711571675302245,0.288428324697755
7673,5344,0,5519,13017,5519,13192,5344,18536,6.9501312335958,0.702255071212775,0.297744928787225,0.711696158826068,0.288303841173932
7681,5344,0,5519,13025,5519,13200,5344,18544,6.95313085864267,0.7023835202761,0.2976164797239,0.711820534943917,0.288179465056083
7689,5344,0,5519,13033,5519,13208,5344,18552,6.95613048368954,0.702511858559724,0.297488141440276,0.711944803794739,0.288055196205261
7697,5344,0,5519,13041,5519,13216,5344,18560,6.95913010873641,0.702640086206897,0.297359913793103,0.712068965517241,0.287931034482759
7705,5344,0,5519,13049,5519,13224,5344,18568,6.96212973378328,0.70276820336062,0.29723179663938,0.712193020249892,0.287806979750108
7713,5344,0,5519,13057,5519,13232,5344,18576,6.96512935883015,0.702896210163652,0.297103789836348,0.712316968130922,0.287683031869078
7721,5344,0,5519,13065,5519,13240,5344,18584,6.96812898387702,0.703024106758502,0.296975893241498,0.712440809298321,0.287559190701679
7729,5344,0,5519,13073,5519,13248,5344,18592,6.97112860892388,0.703151893287435,0.296848106712565,0.712564543889845,0.287435456110155
7737,5344,0,5519,13081,5519,13256,5344,18600,6.97412823397075,0.703279569892473,0.296720430107527,0.712688172043011,0.287311827956989
7745,5344,0,5519,13089,5519,13264,5344,18608,6.97712785901762,0.703407136715391,0.296592863284609,0.712811693895099,0.287188306104901
7753,5344,0,5519,13097,5519,13272,5344,18616,6.98012748406449,0.703534593897722,0.296465406102278,0.712935109583154,0.287064890416846
7761,5344,0,5519,13105,5519,13280,5344,18624,6.98312710911136,0.703661941580756,0.296338058419244,0.713058419243986,0.286941580756014
7769,5344,0,5519,13113,5519,13288,5344,18632,6.98612673415823,0.703789179905539,0.296210820094461,0.713181623014169,0.286818376985831
7777,5344,0,5519,13121,5519,13296,5344,18640,6.9891263592051,0.703916309012876,0.296083690987124,0.713304721030043,0.286695278969957
7785,5344,0,5519,13129,5519,13304,5344,18648,6.99212598425197,0.704043329043329,0.295956670956671,0.713427713427713,0.286572286572287
7793,5344,0,5519,13137,5519,13312,5344,18656,6.99512560929884,0.704170240137221,0.295829759862779,0.713550600343053,0.286449399656947
7801,5344,0,5519,13145,5519,13320,5344,18664,6.99812523434571,0.704297042434634,0.295702957565366,0.713673381911702,0.286326618088298
7809,5344,0,5519,13153,5519,13328,5344,18672,7.00112485939258,0.704423736075407,0.295576263924593,0.713796058269066,0.286203941730934
7817,5344,0,5519,13161,5519,13336,5344,18680,7.00412448443945,0.704550321199144,0.295449678800857,0.713918629550321,0.286081370449679
7825,5344,0,5519,13169,5519,13344,5344,18688,7.00712410948631,0.704676797945205,0.295323202054795,0.714041095890411,0.285958904109589
7833,5344,0,5519,13177,5519,13352,5344,18696,7.01012373453318,0.704803166452717,0.295196833547283,0.714163457424048,0.285836542575952
7841,5344,0,5519,13185,5519,13360,5344,18704,7.01312335958005,0.704929426860565,0.295070573139435,0.714285714285714,0.285714285714286
7849,5344,0,5519,13193,5519,13368,5344,18712,7.01612298462692,0.705055579307396,0.294944420692604,0.714407866609662,0.285592133390338
7857,5344,0,5519,13201,5519,13376,5344,18720,7.01912260967379,0.705181623931624,0.294818376068376,0.714529914529915,0.285470085470085
7865,5344,0,5519,13209,5519,13384,5344,18728,7.02212223472066,0.705307560871422,0.294692439128578,0.714651858180265,0.285348141819735
7873,5344,0,5519,13217,5519,13392,5344,18736,7.02512185976753,0.705433390264731,0.294566609735269,0.714773697694278,0.285226302305722
7881,5344,0,5519,13225,5519,13400,5344,18744,7.0281214848144,0.705559112249253,0.294440887750747,0.714895433205292,0.285104566794708
7889,5344,0,5519,13233,5519,13408,5344,18752,7.03112110986127,0.705684726962457,0.294315273037543,0.715017064846416,0.284982935153584
7897,5344,0,5519,13241,5519,13416,5344,18760,7.03412073490814,0.705810234541578,0.294189765458422,0.715138592750533,0.284861407249467
7905,5344,0,5519,13249,5519,13424,5344,18768,7.03712035995501,0.705935635123615,0.294064364876385,0.715260017050298,0.284739982949702
7913,5344,0,5519,13257,5519,13432,5344,18776,7.04011998500187,0.706060928845334,0.293939071154666,0.715381337878142,0.284618662121858
7921,5344,0,5519,13265,5519,13440,5344,18784,7.04311961004874,0.706186115843271,0.293813884156729,0.715502555366269,0.284497444633731
7929,5344,0,5519,13273,5519,13448,5344,18792,7.04611923509561,0.706311196253725,0.293688803746275,0.715623669646658,0.284376330353342
7937,5344,0,5519,13281,5519,13456,5344,18800,7.04911886014248,0.706436170212766,0.293563829787234,0.715744680851064,0.284255319148936
7945,5344,0,5519,13289,5519,13464,5344,18808,7.05211848518935,0.706561037856231,0.293438962143769,0.715865589111017,0.284134410888983
7953,5344,0,5519,13297,5519,13472,5344,18816,7.05511811023622,0.706685799319728,0.293314200680272,0.715986394557823,0.284013605442177
7961,5344,0,5519,13305,5519,13480,5344,18824,7.05811773528309,0.706810454738632,0.293189545261368,0.716107097322567,0.283892902677433
7969,5344,0,5519,13313,5519,13488,5344,18832,7.06111736032996,0.706935004248088,0.293064995751912,0.716227697536109,0.283772302463891
7977,5344,0,5519,13321,5519,13496,5344,18840,7.06411698537683,0.707059447983015,0.292940552016985,0.716348195329087,0.283651804670913
7985,5344,0,5519,13329,5519,13504,5344,18848,7.0671166104237,0.707183786078099,0.292816213921902,0.716468590831918,0.283531409168082
7993,5344,0,5519,13337,5519,13512,5344,18856,7.07011623547057,0.707308018667798,0.292691981332202,0.716588884174798,0.283411115825202
8001,5344,0,5519,13345,5519,13520,5344,18864,7.07311586051744,0.707432145886344,0.292567854113656,0.716709075487701,0.283290924512299
8009,5344,0,5519,13353,5519,13528,5344,18872,7.0761154855643,0.707556167867741,0.292443832132259,0.716829164900382,0.283170835099618
8017,5344,0,5519,13361,5519,13536,5344,18880,7.07911511061117,0.707680084745763,0.292319915254237,0.716949152542373,0.283050847457627
8025,5344,0,5519,13369,5519,13544,5344,18888,7.08211473565804,0.70780389665396,0.29219610334604,0.71706903854299,0.28293096145701
8033,5344,0,5519,13377,5519,13552,5344,18896,7.08511436070491,0.707927603725656,0.292072396274344,0.717188823031329,0.282811176968671
8041,5344,0,5519,13385,5519,13560,5344,18904,7.08811398575178,0.708051206093948,0.291948793906052,0.717308506136268,0.282691493863733
8049,5344,0,5519,13393,5519,13568,5344,18912,7.09111361079865,0.708174703891709,0.291825296108291,0.717428087986464,0.282571912013536
8057,5344,0,5519,13401,5519,13576,5344,18920,7.09411323584552,0.708298097251586,0.291701902748414,0.717547568710359,0.282452431289641
8065,5344,0,5519,13409,5519,13584,5344,18928,7.09711286089239,0.708421386306002,0.291578613693998,0.717666948436179,0.282333051563821
8073,5344,0,5519,13417,5519,13592,5344,18936,7.10011248593926,0.708544571187157,0.291455428812843,0.717786227291931,0.282213772708069
8081,5344,0,5519,13425,5519,13600,5344,18944,7.10311211098613,0.708667652027027,0.291332347972973,0.717905405405405,0.282094594594595
8089,5344,0,5519,13433,5519,13608,5344,18952,7.106111736033,0.708790628957366,0.291209371042634,0.718024482904179,0.281975517095821
8097,5344,0,5519,13441,5519,13616,5344,18960,7.10911136107987,0.708913502109705,0.291086497890295,0.718143459915612,0.281856540084388
8105,5344,0,5519,13449,5519,13624,5344,18968,7.11211098612673,0.709036271615352,0.290963728384648,0.718262336566849,0.281737663433151
8113,5344,0,5519,13457,5519,13632,5344,18976,7.1151106111736,0.709158937605396,0.290841062394604,0.718381112984823,0.281618887015177
8121,5344,0,5519,13465,5519,13640,5344,18984,7.11811023622047,0.709281500210704,0.290718499789296,0.718499789296249,0.281500210703751
8129,5344,0,5519,13473,5519,13648,5344,18992,7.12110986126734,0.709403959561921,0.290596040438079,0.718618365627633,0.281381634372367
8137,5344,0,5519,13481,5519,13656,5344,19000,7.12410948631421,0.709526315789474,0.290473684210526,0.718736842105263,0.281263157894737
8145,5344,0,5519,13489,5519,13664,5344,19008,7.12710911136108,0.709648569023569,0.290351430976431,0.718855218855219,0.281144781144781
8153,5344,0,5519,13497,5519,13672,5344,19016,7.13010873640795,0.709770719394194,0.290229280605806,0.718973496003366,0.281026503996634
8161,5344,0,5519,13505,5519,13680,5344,19024,7.13310836145482,0.709892767031119,0.290107232968881,0.719091673675357,0.280908326324643
8169,5344,0,5519,13513,5519,13688,5344,19032,7.13610798650169,0.710014712063892,0.289985287936108,0.719209751996637,0.280790248003363
8177,5344,0,5519,13521,5519,13696,5344,19040,7.13910761154856,0.710136554621849,0.289863445378151,0.719327731092437,0.280672268907563
8185,5344,0,5519,13529,5519,13704,5344,19048,7.14210723659543,0.710258294834103,0.289741705165897,0.719445611087778,0.280554388912222
8193,5344,0,5519,13537,5519,13712,5344,19056,7.14510686164229,0.710379932829555,0.289620067170445,0.719563392107473,0.280436607892527
8201,5344,0,5519,13545,5519,13720,5344,19064,7.14810648668916,0.710501468736886,0.289498531263114,0.719681074276122,0.280318925723877
8209,5344,0,5519,13553,5519,13728,5344,19072,7.15110611173603,0.710622902684564,0.289377097315436,0.719798657718121,0.280201342281879
8217,5344,0,5519,13561,5519,13736,5344,19080,7.1541057367829,0.710744234800839,0.289255765199161,0.719916142557652,0.280083857442348
8225,5344,0,5519,13569,5519,13744,5344,19088,7.15710536182977,0.710865465213747,0.289134534786253,0.720033528918692,0.279966471081308
8233,5344,0,5519,13577,5519,13752,5344,19096,7.16010498687664,0.71098659405111,0.28901340594889,0.72015081692501,0.27984918307499
8235,5346,0,5523,13581,5523,13758,5346,19104,7.16310461192351,0.71089824120603,0.28910175879397,0.720163316582915,0.279836683417085
8235,5348,0,5529,13583,5529,13764,5348,19112,7.16610423697038,0.710705316031813,0.289294683968188,0.720175805776476,0.279824194223525
8235,5350,0,5535,13585,5535,13770,5350,19120,7.16910386201725,0.710512552301255,0.289487447698745,0.720188284518828,0.279811715481172
8235,5352,0,5541,13587,5541,13776,5352,19128,7.17210348706412,0.710319949811794,0.289680050188206,0.720200752823087,0.279799247176913
8235,5354,0,5547,13589,5547,13782,5354,19136,7.17510311211099,0.710127508361204,0.289872491638796,0.720213210702341,0.279786789297659
8235,5356,0,5553,13591,5553,13788,5356,19144,7.17810273715786,0.709935227747597,0.290064772252403,0.720225658169662,0.279774341830339
8235,5358,0,5559,13593,5559,13794,5358,19152,7.18110236220472,0.709743107769424,0.290256892230576,0.720238095238095,0.279761904761905
8235,5360,0,5565,13595,5565,13800,5360,19160,7.18410198725159,0.70955114822547,0.29044885177453,0.720250521920668,0.279749478079332
8235,5362,0,5571,13597,5571,13806,5362,19168,7.18710161229846,0.709359348914858,0.290640651085142,0.720262938230384,0.279737061769616
8235,5364,0,5577,13599,5577,13812,5364,19176,7.19010123734533,0.709167709637046,0.290832290362954,0.720275344180225,0.279724655819775
8235,5366,0,5583,13601,5583,13818,5366,19184,7.1931008623922,0.708976230191827,0.291023769808173,0.720287739783153,0.279712260216847
8235,5368,0,5589,13603,5589,13824,5368,19192,7.19610048743907,0.708784910379325,0.291215089620675,0.720300125052105,0.279699874947895
8235,5370,0,5595,13605,5595,13830,5370,19200,7.19910011248594,0.70859375,0.29140625,0.7203125,0.2796875
8235,5372,0,5601,13607,5601,13836,5372,19208,7.20209973753281,0.708402748854644,0.291597251145356,0.720324864639733,0.279675135360267
8235,5374,0,5607,13609,5607,13842,5374,19216,7.20509936257968,0.70821190674438,0.29178809325562,0.72033721898418,0.27966278101582
8235,5376,0,5613,13611,5613,13848,5376,19224,7.20809898762655,0.708021223470662,0.291978776529338,0.720349563046192,0.279650436953808
8235,5378,0,5619,13613,5619,13854,5378,19232,7.21109861267342,0.707830698835275,0.292169301164725,0.720361896838602,0.279638103161398
8235,5380,0,5625,13615,5625,13860,5380,19240,7.21409823772029,0.707640332640333,0.292359667359667,0.72037422037422,0.27962577962578
8235,5382,0,5631,13617,5631,13866,5382,19248,7.21709786276715,0.707450124688279,0.292549875311721,0.720386533665835,0.279613466334165
8235,5384,0,5637,13619,5637,13872,5384,19256,7.22009748781402,0.707260074781886,0.292739925218114,0.720398836726215,0.279601163273785
8235,5386,0,5643,13621,5643,13878,5386,19264,7.22309711286089,0.707070182724252,0.292929817275748,0.720411129568106,0.279588870431894
8235,5388,0,5649,13623,5649,13884,5388,19272,7.22609673790776,0.706880448318804,0.293119551681196,0.720423412204234,0.279576587795766
8235,5390,0,5655,13625,5655,13890,5390,19280,7.22909636295463,0.706690871369295,0.293309128630705,0.720435684647303,0.279564315352697
8235,5392,0,5661,13627,5661,13896,5392,19288,7.2320959880015,0.706501451679801,0.293498548320199,0.720447946909996,0.279552053090004
8235,5394,0,5667,13629,5667,13902,5394,19296,7.23509561304837,0.706312189054726,0.293687810945274,0.720460199004975,0.279539800995025
8235,5396,0,5673,13631,5673,13908,5396,19304,7.23809523809524,0.706123083298798,0.293876916701202,0.720472440944882,0.279527559055118
8235,5398,0,5679,13633,5679,13914,5398,19312,7.24109486314211,0.705934134217067,0.294065865782933,0.720484672742336,0.279515327257664
8235,5400,0,5685,13635,5685,13920,5400,19320,7.24409448818898,0.705745341614907,0.294254658385093,0.720496894409938,0.279503105590062
8235,5402,0,5691,13637,5691,13926,5402,19328,7.24709411323585,0.705556705298013,0.294443294701987,0.720509105960265,0.279490894039735
8235,5404,0,5697,13639,5697,13932,5404,19336,7.25009373828271,0.705368225072404,0.294631774927596,0.720521307405875,0.279478692594125
8236,5407,0,5701,13643,5701,13937,5407,19344,7.25309336332958,0.70528329197684,0.29471670802316,0.720481803143094,0.279518196856907
8244,5407,0,5701,13651,5701,13945,5407,19352,7.25609298837645,0.705405126085159,0.294594873914841,0.720597354278627,0.279402645721372
8252,5407,0,5701,13659,5701,13953,5407,19360,7.25909261342332,0.705526859504132,0.294473140495868,0.720712809917355,0.279287190082645
8260,5407,0,5701,13667,5701,13961,5407,19368,7.26209223847019,0.70564849235853,0.29435150764147,0.720828170177613,0.279171829822387
8268,5407,0,5701,13675,5701,13969,5407,19376,7.26509186351706,0.705770024772915,0.294229975227085,0.720943435177539,0.279056564822461
8276,5407,0,5701,13683,5701,13977,5407,19384,7.26809148856393,0.705891456871647,0.294108543128353,0.72105860503508,0.27894139496492
8284,5407,0,5701,13691,5701,13985,5407,19392,7.2710911136108,0.706012788778878,0.293987211221122,0.721173679867987,0.278826320132013
8292,5407,0,5701,13699,5701,13993,5407,19400,7.27409073865767,0.706134020618557,0.293865979381443,0.721288659793814,0.278711340206186
8300,5407,0,5701,13707,5701,14001,5407,19408,7.27709036370454,0.706255152514427,0.293744847485573,0.721403544929926,0.278596455070074
8308,5407,0,5701,13715,5701,14009,5407,19416,7.28008998875141,0.706376184590029,0.293623815409971,0.72151833539349,0.27848166460651
8316,5407,0,5701,13723,5701,14017,5407,19424,7.28308961379827,0.706497116968699,0.293502883031302,0.721633031301483,0.278366968698517
8324,5407,0,5701,13731,5701,14025,5407,19432,7.28608923884514,0.706617949773569,0.293382050226431,0.721747632770688,0.278252367229312
8332,5407,0,5701,13739,5701,14033,5407,19440,7.28908886389201,0.706738683127572,0.293261316872428,0.721862139917695,0.278137860082305
8340,5407,0,5701,13747,5701,14041,5407,19448,7.29208848893888,0.706859317153435,0.293140682846565,0.721976552858906,0.278023447141094
8348,5407,0,5701,13755,5701,14049,5407,19456,7.29508811398575,0.706979851973684,0.293020148026316,0.722090871710526,0.277909128289474
8356,5407,0,5701,13763,5701,14057,5407,19464,7.29808773903262,0.707100287710645,0.292899712289355,0.722205096588574,0.277794903411426
8364,5407,0,5701,13771,5701,14065,5407,19472,7.30108736407949,0.707220624486442,0.292779375513558,0.722319227608874,0.277680772391126
8372,5407,0,5701,13779,5701,14073,5407,19480,7.30408698912636,0.707340862422998,0.292659137577002,0.722433264887064,0.277566735112936
8380,5407,0,5701,13787,5701,14081,5407,19488,7.30708661417323,0.707461001642036,0.292538998357964,0.722547208538588,0.277452791461412
8388,5407,0,5701,13795,5701,14089,5407,19496,7.3100862392201,0.70758104226508,0.29241895773492,0.722661058678703,0.277338941321297
8396,5407,0,5701,13803,5701,14097,5407,19504,7.31308586426697,0.707700984413454,0.292299015586546,0.722774815422477,0.277225184577523
8404,5407,0,5701,13811,5701,14105,5407,19512,7.31608548931384,0.707820828208282,0.292179171791718,0.722888478884789,0.277111521115211
8412,5407,0,5701,13819,5701,14113,5407,19520,7.31908511436071,0.707940573770492,0.292059426229508,0.723002049180328,0.276997950819672
8420,5407,0,5701,13827,5701,14121,5407,19528,7.32208473940757,0.708060221220811,0.291939778779189,0.723115526423597,0.276884473576403
8428,5407,0,5701,13835,5701,14129,5407,19536,7.32508436445444,0.708179770679771,0.291820229320229,0.723228910728911,0.276771089271089
8436,5407,0,5701,13843,5701,14137,5407,19544,7.32808398950131,0.708299222267704,0.291700777732296,0.723342202210397,0.276657797789603
8444,5407,0,5701,13851,5701,14145,5407,19552,7.33108361454818,0.708418576104746,0.291581423895254,0.723455400981997,0.276544599018003
8452,5407,0,5701,13859,5701,14153,5407,19560,7.33408323959505,0.708537832310838,0.291462167689162,0.723568507157464,0.276431492842536
8460,5407,0,5701,13867,5701,14161,5407,19568,7.33708286464192,0.708656991005724,0.291343008994276,0.723681520850368,0.276318479149632
8468,5407,0,5701,13875,5701,14169,5407,19576,7.34008248968879,0.70877605230895,0.29122394769105,0.723794442174091,0.276205557825909
8476,5407,0,5701,13883,5701,14177,5407,19584,7.34308211473566,0.708895016339869,0.291104983660131,0.72390727124183,0.27609272875817
8484,5407,0,5701,13891,5701,14185,5407,19592,7.34608173978253,0.70901388321764,0.29098611678236,0.724020008166599,0.275979991833401
8492,5407,0,5701,13899,5701,14193,5407,19600,7.3490813648294,0.709132653061225,0.290867346938776,0.724132653061225,0.275867346938776
8500,5407,0,5701,13907,5701,14201,5407,19608,7.35208098987627,0.709251325989392,0.290748674010608,0.724245206038352,0.275754793961648
8508,5407,0,5701,13915,5701,14209,5407,19616,7.35508061492313,0.709369902120718,0.290630097879282,0.72435766721044,0.27564233278956
8516,5407,0,5701,13923,5701,14217,5407,19624,7.35808023997,0.709488381573583,0.290511618426417,0.724470036689768,0.275529963310232
8524,5407,0,5701,13931,5701,14225,5407,19632,7.36107986501687,0.709606764466178,0.290393235533822,0.724582314588427,0.275417685411573
8532,5407,0,5701,13939,5701,14233,5407,19640,7.36407949006374,0.709725050916497,0.290274949083503,0.72469450101833,0.27530549898167
8540,5407,0,5701,13947,5701,14241,5407,19648,7.36707911511061,0.709843241042345,0.290156758957655,0.724806596091205,0.275193403908795
8548,5407,0,5701,13955,5701,14249,5407,19656,7.37007874015748,0.709961334961335,0.290038665038665,0.7249185999186,0.2750814000814
8556,5407,0,5701,13963,5701,14257,5407,19664,7.37307836520435,0.710079332790887,0.289920667209113,0.72503051261188,0.27496948738812
8564,5407,0,5701,13971,5701,14265,5407,19672,7.37607799025122,0.710197234648231,0.289802765351769,0.725142334282229,0.274857665717771
8572,5407,0,5701,13979,5701,14273,5407,19680,7.37907761529809,0.710315040650407,0.289684959349593,0.72525406504065,0.27474593495935
8580,5407,0,5701,13987,5701,14281,5407,19688,7.38207724034496,0.710432750914263,0.289567249085738,0.725365704997968,0.274634295002032
8588,5407,0,5701,13995,5701,14289,5407,19696,7.38507686539183,0.710550365556458,0.289449634443542,0.725477254264825,0.274522745735175
8596,5407,0,5701,14003,5701,14297,5407,19704,7.38807649043869,0.710667884693463,0.289332115306537,0.725588712951685,0.274411287048315
8604,5407,0,5701,14011,5701,14305,5407,19712,7.39107611548556,0.710785308441558,0.289214691558442,0.725700081168831,0.274299918831169
8612,5407,0,5701,14019,5701,14313,5407,19720,7.39407574053243,0.710902636916836,0.289097363083164,0.725811359026369,0.274188640973631
8620,5407,0,5701,14027,5701,14321,5407,19728,7.3970753655793,0.711019870235199,0.288980129764801,0.725922546634226,0.274077453365775
8628,5407,0,5701,14035,5701,14329,5407,19736,7.40007499062617,0.711137008512363,0.288862991487637,0.726033644102148,0.273966355897852
8636,5407,0,5701,14043,5701,14337,5407,19744,7.40307461567304,0.711254051863857,0.288745948136143,0.726144651539708,0.273855348460292
8644,5407,0,5701,14051,5701,14345,5407,19752,7.40607424071991,0.711371000405022,0.288628999594978,0.726255569056298,0.273744430943702
8652,5407,0,5701,14059,5701,14353,5407,19760,7.40907386576678,0.711487854251012,0.288512145748988,0.726366396761134,0.273633603238866
8660,5407,0,5701,14067,5701,14361,5407,19768,7.41207349081365,0.711604613516795,0.288395386483205,0.726477134763254,0.273522865236746
8668,5407,0,5701,14075,5701,14369,5407,19776,7.41507311586052,0.711721278317152,0.288278721682848,0.726587783171521,0.273412216828479
8676,5407,0,5701,14083,5701,14377,5407,19784,7.41807274090739,0.71183784876668,0.28816215123332,0.726698342094622,0.273301657905378
8684,5407,0,5701,14091,5701,14385,5407,19792,7.42107236595426,0.71195432497979,0.28804567502021,0.726808811641067,0.273191188358933
8692,5407,0,5701,14099,5701,14393,5407,19800,7.42407199100113,0.712070707070707,0.287929292929293,0.726919191919192,0.273080808080808
8700,5407,0,5701,14107,5701,14401,5407,19808,7.42707161604799,0.712186995153473,0.287813004846527,0.727029483037157,0.272970516962843
8708,5407,0,5701,14115,5701,14409,5407,19816,7.43007124109486,0.712303189341946,0.287696810658054,0.727139685102947,0.272860314897053
8716,5407,0,5701,14123,5701,14417,5407,19824,7.43307086614173,0.712419289749798,0.287580710250202,0.727249798224375,0.272750201775625
8724,5407,0,5701,14131,5701,14425,5407,19832,7.4360704911886,0.71253529649052,0.28746470350948,0.727359822509076,0.272640177490924
8732,5407,0,5701,14139,5701,14433,5407,19840,7.43907011623547,0.712651209677419,0.287348790322581,0.727469758064516,0.272530241935484
8739,5407,0,5702,14146,5702,14441,5407,19848,7.44206974128234,0.712716646513503,0.287283353486497,0.727579604997985,0.272420395002015
8747,5407,0,5702,14154,5702,14449,5407,19856,7.44506936632921,0.712832393231265,0.287167606768735,0.7276893634166,0.2723106365834
8755,5407,0,5702,14162,5702,14457,5407,19864,7.44806899137608,0.71294804671768,0.28705195328232,0.727799033427306,0.272200966572694
8763,5407,0,5702,14170,5702,14465,5407,19872,7.45106861642295,0.713063607085346,0.286936392914654,0.727908615136876,0.272091384863124
8771,5407,0,5702,14178,5702,14473,5407,19880,7.45406824146982,0.71317907444668,0.28682092555332,0.728018108651912,0.271981891348089
8779,5407,0,5702,14186,5702,14481,5407,19888,7.45706786651669,0.713294448913918,0.286705551086082,0.728127514078841,0.271872485921158
8787,5407,0,5702,14194,5702,14489,5407,19896,7.46006749156355,0.713409730599115,0.286590269400885,0.728236831523924,0.271763168476076
8795,5407,0,5702,14202,5702,14497,5407,19904,7.46306711661042,0.713524919614148,0.286475080385852,0.728346061093248,0.271653938906752
8803,5407,0,5702,14210,5702,14505,5407,19912,7.46606674165729,0.713640016070711,0.286359983929289,0.728455202892728,0.271544797107272
8811,5407,0,5702,14218,5702,14513,5407,19920,7.46906636670416,0.713755020080321,0.286244979919679,0.728564257028112,0.271435742971888
8819,5407,0,5702,14226,5702,14521,5407,19928,7.47206599175103,0.713869931754316,0.286130068245684,0.728673223604978,0.271326776395022
8822,5409,0,5705,14231,5705,14527,5409,19936,7.4750656167979,0.713834269662921,0.286165730337079,0.728681781701445,0.271318218298555
8830,5409,0,5705,14239,5705,14535,5409,19944,7.47806524184477,0.71394905736061,0.28605094263939,0.728790613718412,0.271209386281588
8838,5409,0,5705,14247,5705,14543,5409,19952,7.48106486689164,0.714063753007217,0.285936246992783,0.728899358460305,0.271100641539695
8846,5409,0,5705,14255,5705,14551,5409,19960,7.48406449193851,0.714178356713427,0.285821643286573,0.729008016032064,0.270991983967936
8854,5409,0,5705,14263,5705,14559,5409,19968,7.48706411698538,0.714292868589744,0.285707131410256,0.729116586538462,0.270883413461538
8862,5409,0,5705,14271,5705,14567,5409,19976,7.49006374203225,0.714407288746496,0.285592711253504,0.729225070084101,0.270774929915899
8870,5409,0,5705,14279,5705,14575,5409,19984,7.49306336707911,0.714521617293835,0.285478382706165,0.729333466773419,0.270666533226581
8878,5409,0,5705,14287,5705,14583,5409,19992,7.49606299212598,0.714635854341737,0.285364145658263,0.729441776710684,0.270558223289316
8886,5409,0,5705,14295,5705,14591,5409,20000,7.49906261717285,0.71475,0.28525,0.72955,0.27045
8894,5409,0,5705,14303,5705,14599,5409,20008,7.50206224221972,0.714864054378249,0.285135945621751,0.729658136745302,0.270341863254698
8899,5410,0,5707,14309,5707,14606,5410,20016,7.50506186726659,0.714878097521982,0.285121902478018,0.729716227018385,0.270283772981615
8899,5413,0,5712,14312,5712,14611,5413,20024,7.50806149231346,0.714742309228925,0.285257690771075,0.729674390731123,0.270325609268877
8899,5416,0,5717,14315,5717,14616,5416,20032,7.51106111736033,0.714606629392971,0.285393370607029,0.729632587859425,0.270367412140575
8901,5417,0,5722,14318,5722,14623,5417,20040,7.5140607424072,0.714471057884231,0.285528942115768,0.729690618762475,0.270309381237525
8901,5419,0,5728,14320,5728,14629,5419,20048,7.51706036745407,0.714285714285714,0.285714285714286,0.729698723064645,0.270301276935355
8907,5420,0,5729,14327,5729,14636,5420,20056,7.52005999250094,0.714349820502593,0.285650179497407,0.729756681292381,0.270243318707619
8907,5422,0,5735,14329,5735,14642,5422,20064,7.52305961754781,0.714164673046252,0.285835326953748,0.729764752791069,0.270235247208931
8907,5424,0,5741,14331,5741,14648,5424,20072,7.52605924259468,0.713979673176564,0.286020326823436,0.729772817855719,0.270227182144281
8907,5426,0,5747,14333,5747,14654,5426,20080,7.52905886764154,0.713794820717132,0.286205179282869,0.729780876494024,0.270219123505976
8907,5428,0,5753,14335,5753,14660,5428,20088,7.53205849268841,0.713610115491836,0.286389884508164,0.72978892871366,0.27021107128634
8910,5429,0,5757,14339,5757,14667,5429,20096,7.53505811773528,0.713525079617834,0.286474920382166,0.72984673566879,0.27015326433121
8918,5429,0,5757,14347,5757,14675,5429,20104,7.53805774278215,0.713639076800637,0.286360923199363,0.729954237962595,0.270045762037405
8926,5429,0,5757,14355,5757,14683,5429,20112,7.54105736782902,0.713752983293556,0.286247016706444,0.730061654733492,0.269938345266508
8934,5429,0,5757,14363,5757,14691,5429,20120,7.54405699287589,0.713866799204771,0.286133200795229,0.730168986083499,0.269831013916501
8942,5429,0,5757,14371,5757,14699,5429,20128,7.54705661792276,0.713980524642289,0.286019475357711,0.730276232114467,0.269723767885533
8950,5429,0,5757,14379,5757,14707,5429,20136,7.55005624296963,0.714094159713945,0.285905840286055,0.730383392928089,0.269616607071911
8953,5429,0,5762,14382,5762,14715,5429,20144,7.5530558680165,0.713959491660048,0.286040508339952,0.730490468625894,0.269509531374106
8953,5430,0,5769,14383,5769,14722,5430,20152,7.55605549306337,0.713725684795554,0.286274315204446,0.730547836443033,0.269452163556967
8953,5431,0,5776,14384,5776,14729,5431,20160,7.55905511811024,0.713492063492064,0.286507936507936,0.730605158730159,0.269394841269841
8954,5432,0,5782,14386,5782,14736,5432,20168,7.56205474315711,0.71330821102737,0.28669178897263,0.730662435541452,0.269337564458548
8959,5432,0,5785,14391,5785,14744,5432,20176,7.56505436820397,0.713273195876289,0.286726804123711,0.730769230769231,0.269230769230769
8959,5433,0,5792,14392,5792,14751,5433,20184,7.56805399325084,0.713040031708284,0.286959968291716,0.730826397146254,0.269173602853746
8959,5434,0,5799,14393,5799,14758,5434,20192,7.57105361829771,0.71280705229794,0.28719294770206,0.73088351822504,0.26911648177496
8960,5436,0,5804,14396,5804,14764,5436,20200,7.57405324334458,0.712673267326733,0.287326732673267,0.730891089108911,0.269108910891089
8968,5436,0,5804,14404,5804,14772,5436,20208,7.57705286839145,0.712787015043547,0.287212984956453,0.730997624703088,0.269002375296912
8976,5436,0,5804,14412,5804,14780,5436,20216,7.58005249343832,0.712900672734468,0.287099327265532,0.731104075979422,0.268895924020578
8984,5436,0,5804,14420,5804,14788,5436,20224,7.58305211848519,0.713014240506329,0.286985759493671,0.731210443037975,0.268789556962025
8992,5436,0,5804,14428,5804,14796,5436,20232,7.58605174353206,0.713127718465797,0.286872281534203,0.731316725978648,0.268683274021352
9000,5436,0,5804,14436,5804,14804,5436,20240,7.58905136857893,0.713241106719368,0.286758893280632,0.731422924901186,0.268577075098814
9008,5436,0,5804,14444,5804,14812,5436,20248,7.5920509936258,0.71335440537337,0.28664559462663,0.731529039905176,0.268470960094824
9016,5436,0,5804,14452,5804,14820,5436,20256,7.59505061867267,0.713467614533965,0.286532385466035,0.731635071090047,0.268364928909953
9024,5436,0,5804,14460,5804,14828,5436,20264,7.59805024371954,0.713580734307146,0.286419265692854,0.731741018555073,0.268258981444927
9032,5436,0,5804,14468,5804,14836,5436,20272,7.6010498687664,0.713693764798737,0.286306235201263,0.731846882399369,0.268153117600631
9040,5436,0,5804,14476,5804,14844,5436,20280,7.60404949381327,0.713806706114398,0.286193293885602,0.731952662721894,0.268047337278107
9043,5436,0,5809,14479,5809,14852,5436,20288,7.60704911886014,0.71367310725552,0.286326892744479,0.732058359621451,0.267941640378549
9043,5438,0,5815,14481,5815,14858,5438,20296,7.61004874390701,0.713490342924714,0.286509657075286,0.73206543161214,0.26793456838786
9043,5440,0,5821,14483,5821,14864,5440,20304,7.61304836895388,0.713307722616233,0.286692277383767,0.732072498029945,0.267927501970055
9043,5442,0,5827,14485,5827,14870,5442,20312,7.61604799400075,0.713125246159905,0.286874753840095,0.732079558881449,0.267920441118551
9043,5444,0,5833,14487,5833,14876,5444,20320,7.61904761904762,0.712942913385827,0.287057086614173,0.732086614173228,0.267913385826772
9046,5446,0,5836,14492,5836,14882,5446,20328,7.62204724409449,0.712908303817395,0.287091696182605,0.732093663911846,0.267906336088154
9048,5446,0,5842,14494,5842,14890,5446,20336,7.62504686914136,0.712726199842644,0.287273800157356,0.732199055861526,0.267800944138474
9048,5447,0,5849,14495,5849,14897,5447,20344,7.62804649418823,0.712495084545812,0.287504915454188,0.732255210381439,0.267744789618561
9054,5448,0,5850,14502,5850,14904,5448,20352,7.6310461192351,0.712558962264151,0.287441037735849,0.732311320754717,0.267688679245283
9056,5448,0,5856,14504,5856,14912,5448,20360,7.63404574428196,0.71237721021611,0.28762278978389,0.732416502946955,0.267583497053045
9056,5449,0,5863,14505,5863,14919,5449,20368,7.63704536932883,0.712146504320503,0.287853495679497,0.732472505891595,0.267527494108405
9056,5450,0,5870,14506,5870,14926,5450,20376,7.6400449943757,0.711915979583824,0.288084020416176,0.73252846486062,0.26747153513938
9056,5451,0,5877,14507,5877,14933,5451,20384,7.64304461942257,0.711685635792779,0.288314364207221,0.732584379905808,0.267415620094192
9059,5452,0,5881,14511,5881,14940,5452,20392,7.64604424446944,0.711602589250687,0.288397410749313,0.732640251078854,0.267359748921146
9067,5452,0,5881,14519,5881,14948,5452,20400,7.64904386951631,0.71171568627451,0.28828431372549,0.732745098039216,0.267254901960784
9075,5452,0,5881,14527,5881,14956,5452,20408,7.65204349456318,0.711828694629557,0.288171305370443,0.732849862798902,0.267150137201098
9078,5452,0,5886,14530,5886,14964,5452,20416,7.65504311961005,0.71169670846395,0.28830329153605,0.732954545454545,0.267045454545455
9078,5456,0,5890,14534,5890,14968,5456,20424,7.65804274465692,0.711613787700744,0.288386212299256,0.732863298080689,0.267136701919311
9078,5460,0,5894,14538,5894,14972,5460,20432,7.66104236970379,0.711530931871574,0.288469068128426,0.732772122161316,0.267227877838684
9078,5464,0,5898,14542,5898,14976,5464,20440,7.66404199475066,0.711448140900196,0.288551859099804,0.732681017612524,0.267318982387476
9078,5468,0,5902,14546,5902,14980,5468,20448,7.66704161979753,0.711365414710485,0.288634585289515,0.732589984350548,0.267410015649452
9078,5472,0,5906,14550,5906,14984,5472,20456,7.67004124484439,0.711282753226437,0.288717246773563,0.732499022291748,0.267500977708252
9078,5476,0,5910,14554,5910,14988,5476,20464,7.67304086989126,0.711200156372166,0.288799843627834,0.732408131352619,0.267591868647381
9078,5480,0,5914,14558,5914,14992,5480,20472,7.67604049493813,0.711117624071903,0.288882375928097,0.732317311449785,0.267682688550215
9081,5483,0,5916,14564,5916,14997,5483,20480,7.679040119985,0.7111328125,0.2888671875,0.732275390625,0.267724609375
9089,5483,0,5916,14572,5916,15005,5483,20488,7.68203974503187,0.711245607184693,0.288754392815307,0.732379929714955,0.267620070285045
9097,5483,0,5916,14580,5916,15013,5483,20496,7.68503937007874,0.71135831381733,0.28864168618267,0.732484387197502,0.267515612802498
9105,5483,0,5916,14588,5916,15021,5483,20504,7.68803899512561,0.711470932500975,0.288529067499025,0.732588763168162,0.267411236831838
9113,5483,0,5916,14596,5916,15029,5483,20512,7.69103862017248,0.711583463338534,0.288416536661466,0.732693057722309,0.267306942277691
9121,5483,0,5916,14604,5916,15037,5483,20520,7.69403824521935,0.711695906432748,0.288304093567251,0.732797270955166,0.267202729044834
9129,5483,0,5916,14612,5916,15045,5483,20528,7.69703787026622,0.711808261886204,0.288191738113796,0.732901402961808,0.267098597038192
9137,5483,0,5916,14620,5916,15053,5483,20536,7.70003749531309,0.711920529801324,0.288079470198675,0.733005453837164,0.266994546162836
9145,5483,0,5916,14628,5916,15061,5483,20544,7.70303712035996,0.712032710280374,0.287967289719626,0.733109423676013,0.266890576323988
9153,5483,0,5916,14636,5916,15069,5483,20552,7.70603674540682,0.712144803425457,0.287855196574543,0.733213312572986,0.266786687427014
9161,5483,0,5916,14644,5916,15077,5483,20560,7.70903637045369,0.712256809338521,0.287743190661479,0.733317120622568,0.266682879377432
9169,5483,0,5916,14652,5916,15085,5483,20568,7.71203599550056,0.712368728121354,0.287631271878646,0.733420847919098,0.266579152080902
9169,5485,0,5922,14654,5922,15091,5485,20576,7.71503562054743,0.712188958009331,0.287811041990669,0.733427293934681,0.266572706065319
9169,5487,0,5928,14656,5928,15097,5487,20584,7.7180352455943,0.712009327633113,0.287990672366887,0.733433734939759,0.266566265060241
9169,5489,0,5934,14658,5934,15103,5489,20592,7.72103487064117,0.711829836829837,0.288170163170163,0.733440170940171,0.266559829059829
9169,5491,0,5940,14660,5940,15109,5491,20600,7.72403449568804,0.711650485436893,0.288349514563107,0.733446601941748,0.266553398058252
9169,5493,0,5946,14662,5946,15115,5493,20608,7.72703412073491,0.711471273291926,0.288528726708075,0.733453027950311,0.266546972049689
9169,5495,0,5952,14664,5952,15121,5495,20616,7.73003374578178,0.711292200232829,0.288707799767171,0.733459448971672,0.266540551028328
9169,5497,0,5958,14666,5958,15127,5497,20624,7.73303337082865,0.71111326609775,0.28888673390225,0.733465865011637,0.266534134988363
9169,5499,0,5964,14668,5964,15133,5499,20632,7.73603299587552,0.710934470725087,0.289065529274913,0.733472276075998,0.266527723924002
9169,5501,0,5970,14670,5970,15139,5501,20640,7.73903262092238,0.710755813953488,0.289244186046512,0.733478682170543,0.266521317829457
9169,5503,0,5976,14672,5976,15145,5503,20648,7.74203224596925,0.710577295621852,0.289422704378148,0.733485083301046,0.266514916698954
9169,5505,0,5982,14674,5982,15151,5505,20656,7.74503187101612,0.710398915569326,0.289601084430674,0.733491479473277,0.266508520526723
9169,5507,0,5988,14676,5988,15157,5507,20664,7.74803149606299,0.710220673635308,0.289779326364692,0.733497870692993,0.266502129307007
9169,5509,0,5994,14678,5994,15163,5509,20672,7.75103112110986,0.710042569659443,0.289957430340557,0.733504256965944,0.266495743034056
9170,5513,0,5997,14683,5997,15167,5513,20680,7.75403074615673,0.710009671179884,0.289990328820116,0.733413926499033,0.266586073500967
9178,5513,0,5997,14691,5997,15175,5513,20688,7.7570303712036,0.71012180974478,0.28987819025522,0.733517014694509,0.266482985305491
9178,5517,0,6001,14695,6001,15179,5517,20696,7.76002999625047,0.71004058755315,0.28995941244685,0.733426749130267,0.266573250869733
9178,5521,0,6005,14699,6005,15183,5521,20704,7.76302962129734,0.70995942812983,0.29004057187017,0.733336553323029,0.266663446676971
9178,5525,0,6009,14703,6009,15187,5525,20712,7.76602924634421,0.709878331402086,0.290121668597914,0.733246427191966,0.266753572808034
9178,5529,0,6013,14707,6013,15191,5529,20720,7.76902887139108,0.709797297297297,0.290202702702703,0.733156370656371,0.266843629343629
9178,5533,0,6017,14711,6017,15195,5533,20728,7.77202849643795,0.709716325742956,0.290283674257044,0.733066383635662,0.266933616364338
9178,5537,0,6021,14715,6021,15199,5537,20736,7.77502812148481,0.709635416666667,0.290364583333333,0.732976466049383,0.267023533950617
9178,5541,0,6025,14719,6025,15203,5541,20744,7.77802774653168,0.709554569996143,0.290445430003857,0.7328866178172,0.2671133821828
9178,5545,0,6029,14723,6029,15207,5545,20752,7.78102737157855,0.709473785659214,0.290526214340786,0.732796838858905,0.267203161141095
9178,5549,0,6033,14727,6033,15211,5549,20760,7.78402699662542,0.709393063583815,0.290606936416185,0.732707129094412,0.267292870905588
9178,5553,0,6037,14731,6037,15215,5553,20768,7.78702662167229,0.709312403697997,0.290687596302003,0.73261748844376,0.26738251155624
9178,5557,0,6041,14735,6041,15219,5557,20776,7.79002624671916,0.709231805929919,0.290768194070081,0.732527916827108,0.267472083172892
9185,5557,0,6042,14742,6042,15227,5557,20784,7.79302587176603,0.709295612009238,0.290704387990762,0.732630869899923,0.267369130100077
9193,5557,0,6042,14750,6042,15235,5557,20792,7.7960254968129,0.709407464409388,0.290592535590612,0.732733743747595,0.267266256252405
9201,5557,0,6042,14758,6042,15243,5557,20800,7.79902512185977,0.709519230769231,0.290480769230769,0.732836538461539,0.267163461538462
9209,5557,0,6042,14766,6042,15251,5557,20808,7.80202474690664,0.709630911188005,0.290369088811995,0.732939254133026,0.267060745866974
9217,5557,0,6042,14774,6042,15259,5557,20816,7.80502437195351,0.709742505764796,0.290257494235204,0.73304189085319,0.26695810914681
9225,5557,0,6042,14782,6042,15267,5557,20824,7.80802399700038,0.70985401459854,0.29014598540146,0.733144448713023,0.266855551286977
9233,5557,0,6042,14790,6042,15275,5557,20832,7.81102362204724,0.709965437788018,0.290034562211982,0.733246927803379,0.266753072196621
9241,5557,0,6042,14798,6042,15283,5557,20840,7.81402324709411,0.710076775431862,0.289923224568138,0.733349328214971,0.266650671785029
9249,5557,0,6042,14806,6042,15291,5557,20848,7.81702287214098,0.710188027628549,0.289811972371451,0.733451650038373,0.266548349961627
9257,5557,0,6042,14814,6042,15299,5557,20856,7.82002249718785,0.71029919447641,0.28970080552359,0.73355389336402,0.26644610663598
9264,5557,0,6043,14821,6043,15307,5557,20864,7.82302212223472,0.710362346625767,0.289637653374233,0.733656058282209,0.266343941717791
9272,5557,0,6043,14829,6043,15315,5557,20872,7.82602174728159,0.710473361441165,0.289526638558835,0.733758144883097,0.266241855116903
9280,5557,0,6043,14837,6043,15323,5557,20880,7.82902137232846,0.710584291187739,0.289415708812261,0.733860153256705,0.266139846743295
9288,5557,0,6043,14845,6043,15331,5557,20888,7.83202099737533,0.710695135963233,0.289304864036768,0.733962083492915,0.266037916507085
9296,5557,0,6043,14853,6043,15339,5557,20896,7.8350206224222,0.710805895865237,0.289194104134763,0.73406393568147,0.26593606431853
9304,5557,0,6043,14861,6043,15347,5557,20904,7.83802024746907,0.710916570991198,0.289083429008802,0.734165709911979,0.265834290088021
9312,5557,0,6043,14869,6043,15355,5557,20912,7.84101987251594,0.711027161438409,0.288972838561591,0.73426740627391,0.26573259372609
9320,5557,0,6043,14877,6043,15363,5557,20920,7.8440194975628,0.711137667304015,0.288862332695985,0.734369024856597,0.265630975143403
9328,5557,0,6043,14885,6043,15371,5557,20928,7.84701912260967,0.711248088685015,0.288751911314985,0.734470565749236,0.265529434250765
9336,5557,0,6043,14893,6043,15379,5557,20936,7.85001874765654,0.711358425678258,0.288641574321742,0.734572029040886,0.265427970959113
9342,5557,0,6045,14899,6045,15387,5557,20944,7.85301837270341,0.711373185637892,0.288626814362108,0.734673414820474,0.265326585179526
9342,5562,0,6048,14904,6048,15390,5562,20952,7.85601799775028,0.711340206185567,0.288659793814433,0.734536082474227,0.265463917525773
9342,5567,0,6051,14909,6051,15393,5567,20960,7.85901762279715,0.711307251908397,0.288692748091603,0.734398854961832,0.265601145038168
9342,5572,0,6054,14914,6054,15396,5572,20968,7.86201724784402,0.711274322777566,0.288725677222434,0.734261732163296,0.265738267836704
9342,5577,0,6057,14919,6057,15399,5577,20976,7.86501687289089,0.711241418764302,0.288758581235698,0.73412471395881,0.26587528604119
9342,5582,0,6060,14924,6060,15402,5582,20984,7.86801649793776,0.711208539839878,0.288791460160122,0.733987800228746,0.266012199771254
9342,5587,0,6063,14929,6063,15405,5587,20992,7.87101612298463,0.71117568597561,0.28882431402439,0.733850990853659,0.266149009146341
9342,5592,0,6066,14934,6066,15408,5592,21000,7.8740157480315,0.711142857142857,0.288857142857143,0.733714285714286,0.266285714285714
9342,5597,0,6069,14939,6069,15411,5597,21008,7.87701537307837,0.711110053313024,0.288889946686976,0.733577684691546,0.266422315308454
9342,5602,0,6072,14944,6072,15414,5602,21016,7.88001499812523,0.711077274457556,0.288922725542444,0.73344118766654,0.26655881233346
9342,5607,0,6075,14949,6075,15417,5607,21024,7.8830146231721,0.711044520547945,0.288955479452055,0.733304794520548,0.266695205479452
9342,5612,0,6078,14954,6078,15420,5612,21032,7.88601424821897,0.711011791555725,0.288988208444275,0.733168505135032,0.266831494864968
9342,5617,0,6081,14959,6081,15423,5617,21040,7.88901387326584,0.710979087452472,0.289020912547529,0.733032319391635,0.266967680608365
9342,5622,0,6084,14964,6084,15426,5622,21048,7.89201349831271,0.710946408209806,0.289053591790194,0.732896237172178,0.267103762827822
9342,5627,0,6087,14969,6087,15429,5627,21056,7.89501312335958,0.710913753799392,0.289086246200608,0.732760258358663,0.267239741641337
9342,5632,0,6090,14974,6090,15432,5632,21064,7.89801274840645,0.710881124192936,0.289118875807064,0.73262438283327,0.26737561716673
9342,5637,0,6093,14979,6093,15435,5637,21072,7.90101237345332,0.710848519362187,0.289151480637813,0.73248861047836,0.26751138952164
9342,5642,0,6096,14984,6096,15438,5642,21080,7.90401199850019,0.710815939278937,0.289184060721063,0.732352941176471,0.267647058823529

